0.000000000000000000e+00 0.000000000000000000e+00 0.000000000000000000e+00
2.910314893280821057e-03 3.895180226612657200e-05 4.241746397135370475e-05
3.479642629762451627e-03 8.955767991652806423e-05 6.096844584381469674e-05
3.719992653387562461e-03 1.360943914715691792e-04 7.901545996663948527e-05
3.874520780361554242e-03 1.778066562066535209e-04 8.791674258063272981e-05
3.905372522126773945e-03 1.987599195564938696e-04 9.657435369044295524e-05
4.003217954479228180e-03 3.466717378856059174e-04 2.170961271608478065e-04
5.502657508327539991e-03 6.807469272958819847e-04 2.804960528276951594e-04
6.452238696466961257e-03 9.384891706242661598e-04 5.668493516662861725e-04
7.451325168008926178e-03 1.250519401459940227e-03 9.896071608093989867e-04
8.527672523039783389e-03 1.284205406292734117e-03 1.596302775167241774e-03
9.624533988557476549e-03 1.624483365518162095e-03 2.566241629714087220e-03
1.055008554336049967e-02 2.360410163174177581e-03 3.981431393409702937e-03
1.126048117763141579e-02 3.031283154918051545e-03 5.245995757722549460e-03
1.230295906958911098e-02 3.528039296119708356e-03 6.536621127979425072e-03
1.323507737977192185e-02 4.500677332448949249e-03 7.962196858479951567e-03
1.440251174498065334e-02 5.604246239197770325e-03 9.162189702195681212e-03
1.523049983218768659e-02 6.317952946314686277e-03 1.042848002482618663e-02
1.594439017739624279e-02 7.182171609572515943e-03 1.171626659943257077e-02
1.670276165855104356e-02 8.159835959891352866e-03 1.246758785047266498e-02
1.757464332588016057e-02 9.453951730690381833e-03 1.328344712543650177e-02
1.800282339697367728e-02 1.086123670028228683e-02 1.435388817360766338e-02
1.837552922497506097e-02 1.203701846612484014e-02 1.518479041367980925e-02
1.924197811549521048e-02 1.278339693503753594e-02 1.548920528620764681e-02
2.038470134559962343e-02 1.284097534087008143e-02 1.560599834169333622e-02
2.144040982552374019e-02 1.268656744997261401e-02 1.522316739261682719e-02
2.231417239648706904e-02 1.245626656291154086e-02 1.420932487192217396e-02
2.301597384336921334e-02 1.195825568750135542e-02 1.302803508938415317e-02
2.328784543513740327e-02 1.133121397442937543e-02 1.187118953937473138e-02
2.346448745620796292e-02 1.048900410114847297e-02 1.100214439974718170e-02
2.363111217906123732e-02 9.978085896386691689e-03 1.048650125515036488e-02
2.377178191190015485e-02 9.833960046631850388e-03 1.037051319677722606e-02
2.416751241697982430e-02 1.035804492514205873e-02 9.951641387713490439e-03
2.459001945780457318e-02 1.104213250853306079e-02 9.534126452213787656e-03
2.493951392621215554e-02 1.144591283094618939e-02 9.052582169417133090e-03
2.569313826817953145e-02 1.130223192626247757e-02 8.720878478154940605e-03
2.624980462321454752e-02 1.043963571269339828e-02 8.196675391441390207e-03
2.654408215916407091e-02 9.077476771815425061e-03 7.369581437598163483e-03
2.689551209259115339e-02 7.772060675586301218e-03 6.706395743981696106e-03
2.741485414074385993e-02 7.602757909861868925e-03 6.952106696557627113e-03
2.798395760640835089e-02 7.969721069028781746e-03 7.517204076828081644e-03
2.853437125958168535e-02 8.462293562283160209e-03 7.786739058836402751e-03
2.892612277410829685e-02 8.854955019517447845e-03 7.619136837009880120e-03
2.925366567358465147e-02 8.986784401805929939e-03 7.311776705334423546e-03
2.949177558543181893e-02 8.977408671934866344e-03 6.822200366897531072e-03
2.973932078202529139e-02 8.744126636939809558e-03 6.323813082295603669e-03
3.001868163938982426e-02 8.281585137380576694e-03 5.955360720997836775e-03
3.035638679999360517e-02 7.650435098062652317e-03 5.878429056896586520e-03
3.065855665996807672e-02 6.913514294997085731e-03 5.959399963282834348e-03
3.099847970975707148e-02 6.470832361269886548e-03 6.015920475571378406e-03
3.122767737856453271e-02 6.484606374472486404e-03 5.936638415927699558e-03
3.145071418070354008e-02 6.810080293170180446e-03 6.056662421930939823e-03
3.168338861635545955e-02 7.060872830472191171e-03 6.244592211330783800e-03
3.187605156037751769e-02 6.996998342782888812e-03 6.262864412490082820e-03
3.231251684532424062e-02 6.742382027271952814e-03 6.010470206880466279e-03
3.265451557446084202e-02 6.261345447953974019e-03 5.591581848663702663e-03
3.291636197538678338e-02 5.643153859611534442e-03 5.441051936983781930e-03
3.314217134489548522e-02 5.033128782033671755e-03 5.285640473082260302e-03
3.337360921441992478e-02 4.766171342188187977e-03 5.199090687716992690e-03
3.365390245813919962e-02 4.948420407182164971e-03 5.194842841818950348e-03
3.395347226446696065e-02 5.308154110200363415e-03 5.119600713252189274e-03
3.427750181298005322e-02 5.448238838618487366e-03 5.039487304621397164e-03
3.444618241619944177e-02 5.348530870945046763e-03 4.986243266910913956e-03
3.456143137267030097e-02 5.068548271903611582e-03 4.923743671447502156e-03
3.477868082581610232e-02 4.675118664669974250e-03 4.805547536644231947e-03
3.498290185941820007e-02 4.294124606093443521e-03 4.709195253052766462e-03
3.515193908111308857e-02 4.151326449530345561e-03 4.633397697532131917e-03
3.535515738068321923e-02 4.235352552823022990e-03 4.619938885362881616e-03
3.555118041605841162e-02 4.402547816521552339e-03 4.585812684838748085e-03
3.566346814429770945e-02 4.473757878416176684e-03 4.518124097539787977e-03
3.577955815049658345e-02 4.344987870320155161e-03 4.438255389286236384e-03
3.593558433547335701e-02 4.140874153757862462e-03 4.376384072202922984e-03
3.601677964634319995e-02 3.965999515002697172e-03 4.297107682730928746e-03
3.615127482087637095e-02 3.857257313543285739e-03 4.217098280204543449e-03
3.629357790042758714e-02 3.823305402379306456e-03 4.128645499303110374e-03
3.637849544520122685e-02 3.835787569980179165e-03 4.070445635717326663e-03
3.649918044427723912e-02 3.803817253832375393e-03 4.035495938063844538e-03
3.663141652485688016e-02 3.750489704688840780e-03 3.997012255188484367e-03
3.667499576745728018e-02 3.688951447987357923e-03 3.934262214907905710e-03
3.685611803164447198e-02 3.607509418839067224e-03 3.852492700636352650e-03
3.686803426621211577e-02 3.535951523397430716e-03 3.772719938499880573e-03
3.702112401978272654e-02 3.476537975169991228e-03 3.706886063520930218e-03
3.711388708628044625e-02 3.430573815696625391e-03 3.651356403169778077e-03
3.719117446883205003e-02 3.406952323921624750e-03 3.593796615509458302e-03
3.724737895977277280e-02 3.425590077251850375e-03 3.546725557622829560e-03
3.730478281098337928e-02 3.445517256930819873e-03 3.517262650309795763e-03
3.730430159504970200e-02 3.455506102883662209e-03 3.488008075417668979e-03
3.741284612743474292e-02 3.452905872187844987e-03 3.438097518700938306e-03
3.751320834377914332e-02 3.429028995092341624e-03 3.392039179326390447e-03
3.766022279247459303e-02 3.403694014188680689e-03 3.349504620650978204e-03
3.779424406068093711e-02 3.350014061937100097e-03 3.296566457365083212e-03
3.791619790902741455e-02 3.317286772199244671e-03 3.268413165076991100e-03
3.801920952117256863e-02 3.290395575248124954e-03 3.241104857160237180e-03
3.811217199108905135e-02 3.297049844611646928e-03 3.206704872708406300e-03
3.820487193477329485e-02 3.274381242802047384e-03 3.177598467346553178e-03
3.831874366488337985e-02 3.238382271858173279e-03 3.167377983103591456e-03
3.838779823857545181e-02 3.209380792142886400e-03 3.152707943926756889e-03
3.851739786065077470e-02 3.152160098465914013e-03 3.137820173205290754e-03
3.857791934100755077e-02 3.095086432963961489e-03 3.106399651589683390e-03
3.867279667824415762e-02 3.024889643545441553e-03 3.054579503115595600e-03
3.879246586585309575e-02 2.943381140198815787e-03 3.010488130700570558e-03
3.891844595011272057e-02 2.900658604310539512e-03 2.973600533034475787e-03
3.895374073271331422e-02 2.861984775007851874e-03 2.932886103151553705e-03
3.910524812270840117e-02 2.835262984809721904e-03 2.918340921155501005e-03
3.916068840495245951e-02 2.804104182679444893e-03 2.911994330844451442e-03
3.927482771217242347e-02 2.761722835632738661e-03 2.905504259325585904e-03
3.934785182472280013e-02 2.709626043688640948e-03 2.873673643167900648e-03
3.948063876723149901e-02 2.676645348553479548e-03 2.824825732816116375e-03
3.957470385014257713e-02 2.600699503101350230e-03 2.771210093363368331e-03
3.973784396744535485e-02 2.534629280008287005e-03 2.724647287494507547e-03
3.987425881189331917e-02 2.499150221444933033e-03 2.690183606718588635e-03
3.999227922152698289e-02 2.501047371569857080e-03 2.662866299392232638e-03
4.005003722602817201e-02 2.456609788737001716e-03 2.631933022245477091e-03
4.019152722953546475e-02 2.415808292352587643e-03 2.616198751314766612e-03
4.033787806710206064e-02 2.375241326852675725e-03 2.600986318740224762e-03
4.045685974724506917e-02 2.352259763638882804e-03 2.592450022835761543e-03
4.054487500847579751e-02 2.323507825033433328e-03 2.577876476583060555e-03
4.070520066409075155e-02 2.265884593109824402e-03 2.556868862448864830e-03
4.082888475645474885e-02 2.246992180091181724e-03 2.534972308948551991e-03
4.095138278440995511e-02 2.212585672926308412e-03 2.518754653627375967e-03
4.102698661854718015e-02 2.219159188733326772e-03 2.508786998211541899e-03
4.119205822625105623e-02 2.221100771160276419e-03 2.500178469327215148e-03
4.127907459690428882e-02 2.214925542568850925e-03 2.494008169386584869e-03
4.143026966618557072e-02 2.208764955957260613e-03 2.497994978456980712e-03
4.152291428945566881e-02 2.207036947410482425e-03 2.509973760640347128e-03
4.162827988599842460e-02 2.190627985334968678e-03 2.529520272476700003e-03
4.173691266535046324e-02 2.196071578336054788e-03 2.542523166324403994e-03
4.187416745225666648e-02 2.192250648360084125e-03 2.539181739215931252e-03
4.196449365061715592e-02 2.225209175455095893e-03 2.527387453177197887e-03
4.207182545634200604e-02 2.272681920680554284e-03 2.515661016510474177e-03
4.218807721655461196e-02 2.313348219931448714e-03 2.519401341846875999e-03
4.228958194232089463e-02 2.350961181693449718e-03 2.521965203282406243e-03
4.240214575669472297e-02 2.370742128330483294e-03 2.520849234296189140e-03
4.253036164380189638e-02 2.379088764618015727e-03 2.516650222958182349e-03
4.259785184033304528e-02 2.391319634442401650e-03 2.512602655475242291e-03
4.267567577499088716e-02 2.405496841364244791e-03 2.511438145788262490e-03
4.278883417118194143e-02 2.417537062013840228e-03 2.502847841118123386e-03
4.292313920514583686e-02 2.437826901551764808e-03 2.493605879836492158e-03
4.300494325001839174e-02 2.478452239390937974e-03 2.487032769777262464e-03
4.307360477633889739e-02 2.526890258450780261e-03 2.481390860043012920e-03
4.317895006745425118e-02 2.548257671093424274e-03 2.481059476861583509e-03
4.327165280220430371e-02 2.551492904124028072e-03 2.474062958647882393e-03
4.338146886141387021e-02 2.570841863022839315e-03 2.477671809025460206e-03
4.347163619911445509e-02 2.569365430503239931e-03 2.480227305455242042e-03
4.354346910800570292e-02 2.539869723105886521e-03 2.486508120081175159e-03
4.363381688838546824e-02 2.536483055669884901e-03 2.499450735038625301e-03
4.372863814864241805e-02 2.526916461783283198e-03 2.493017823995250654e-03
4.381685745736167009e-02 2.538712908572776736e-03 2.479384783255555742e-03
4.392963448104900137e-02 2.553703131421928944e-03 2.475756077125011202e-03
4.402636828679468151e-02 2.570421033027195813e-03 2.473553713466125886e-03
4.411761523378649602e-02 2.586529204958157822e-03 2.483877510263310558e-03
4.420460090975466411e-02 2.581132782243694603e-03 2.491771708639633348e-03
4.429364063178840155e-02 2.565634198176033973e-03 2.497370827777531041e-03
4.439605819927642388e-02 2.533112168914983253e-03 2.499668105119421009e-03
4.447006379737483001e-02 2.527653158555437807e-03 2.484034051053490844e-03
4.453435169354044709e-02 2.497743333563813475e-03 2.480120808807967370e-03
4.462397795510458093e-02 2.475333866697995190e-03 2.468856652446172785e-03
4.471034864801012171e-02 2.470412084275103778e-03 2.457608177696942245e-03
4.478711130486127956e-02 2.485789323558445195e-03 2.445478761849584782e-03
4.484891982887868889e-02 2.502655499694063802e-03 2.433323925852905450e-03
4.493609636850321581e-02 2.517431261894000939e-03 2.412104380107220856e-03
4.503613532691135707e-02 2.510301391498541423e-03 2.385429051221202735e-03
4.511690331639316848e-02 2.484391116625419248e-03 2.370320838508188210e-03
4.521512286500983802e-02 2.454005883765202935e-03 2.359909432245897373e-03
4.530577054030369283e-02 2.426494562785092794e-03 2.346569754663233118e-03
4.538003399095964091e-02 2.415085691137083303e-03 2.343211789959700076e-03
4.544940741053965505e-02 2.404223457930070203e-03 2.329326167821634246e-03
4.555108361750050822e-02 2.384639625577149574e-03 2.308290205644734482e-03
4.563164655970351063e-02 2.386317463548687061e-03 2.288246335893604020e-03
4.568615954622692182e-02 2.408789460148977671e-03 2.279560545743068711e-03
4.573254476784920086e-02 2.407139268244852959e-03 2.275391074157022842e-03
4.583008626173513261e-02 2.383486573886806764e-03 2.271609964954398458e-03
4.587909916080012279e-02 2.377660603182633805e-03 2.266732555613913853e-03
4.593889159533155048e-02 2.353906082687732323e-03 2.263694510070872381e-03
4.602580337768510249e-02 2.328921696724461400e-03 2.263685821406084733e-03
4.610227178272374715e-02 2.294376141143290079e-03 2.261817126170734618e-03
4.618128699810553767e-02 2.270329218844266677e-03 2.267514260592140302e-03
4.626256403219115854e-02 2.246931945942717140e-03 2.269435047565190270e-03
4.633796473886774708e-02 2.245732212784638717e-03 2.274902633485267802e-03
4.639988020948348363e-02 2.240348821587670805e-03 2.273464446838852158e-03
4.646945939446026075e-02 2.243594936847226329e-03 2.272261654442950165e-03
4.652801461840481295e-02 2.238491597754756288e-03 2.265795325517300316e-03
4.662360645548448840e-02 2.219562287330540014e-03 2.255783401970961645e-03
4.669876626084517451e-02 2.195515168215153058e-03 2.255720852058280389e-03
4.679525563027001761e-02 2.175005610969363463e-03 2.259019916383219438e-03
4.686676378673312882e-02 2.147170174004261415e-03 2.267932504661460038e-03
4.693787716926645787e-02 2.112398040735756054e-03 2.270014307522485227e-03
4.701007746559630884e-02 2.071590496629826129e-03 2.265532103193174714e-03
4.710761168124341647e-02 2.040287664609469025e-03 2.255660816596965438e-03
4.721293086026269459e-02 2.037820768288406068e-03 2.253099621897206636e-03
4.728920166766068661e-02 2.036447403849620235e-03 2.252266024802945885e-03
4.736348741484893571e-02 2.044529921778701336e-03 2.244075603545034152e-03
4.742075844163236298e-02 2.055017620265444170e-03 2.240515846772192076e-03
4.751343094033110004e-02 2.052463698771221905e-03 2.240912452658787475e-03
4.759081006618489512e-02 2.031327984449097200e-03 2.246495736482574841e-03
4.764612155229210055e-02 2.012564891940025417e-03 2.246804501637626652e-03
4.769797957275705158e-02 2.004810963517976441e-03 2.238725626578934574e-03
4.780135544262825720e-02 1.985539857495092000e-03 2.223094121846503485e-03
4.784769333391384466e-02 1.993199464233818240e-03 2.224287262298561482e-03
4.791300180458355623e-02 1.993695950985104656e-03 2.220514336019743969e-03
