0.000000000000000000e+00 0.000000000000000000e+00 0.000000000000000000e+00
9.326392424710046184e-04 1.257349977566491438e-02 9.623283059067871308e-04
9.249830074158457054e-04 3.048637196314474967e-02 9.510871863867248303e-04
1.012292605654199458e-03 6.250566651568381649e-02 1.007919613173972884e-03
1.056455765031716343e-03 1.025390269569460833e-01 1.054540362170228347e-03
1.108741153236425829e-03 1.446677690972940633e-01 1.126560224534458058e-03
1.148954565103815729e-03 1.898078920675446424e-01 1.112139149366916458e-03
1.156381735986948848e-03 2.383732079891704436e-01 1.099194652075164433e-03
1.218408646755390597e-03 2.886365950396070357e-01 1.109392628561820925e-03
1.341026227884134893e-03 3.403600323137586647e-01 1.156831586377947809e-03
1.538453025567190682e-03 3.931029796896596262e-01 1.370445330025007839e-03
1.827458678476643695e-03 4.443807811861433810e-01 1.336682437557374509e-03
2.110401512889533825e-03 4.947398697791829947e-01 1.518250596046839774e-03
2.249920488031233352e-03 5.429351956269373725e-01 1.685618974163556952e-03
2.512214100716613028e-03 5.870954274007631479e-01 1.858877672941973945e-03
2.879382894649039522e-03 6.278040713630861358e-01 1.932778399214175186e-03
3.462282698848921127e-03 6.653919003910551133e-01 2.066314264263601104e-03
4.038236578896787013e-03 7.007118000556087356e-01 2.424028009319547684e-03
4.202433949349521948e-03 7.317011874778827085e-01 2.694760817061432005e-03
4.504838229500979577e-03 7.427696410459144749e-01 2.826567330427479097e-03
4.625864615899900889e-03 7.359585931036201067e-01 2.922133957840043761e-03
4.886808910827177867e-03 7.156909761471682563e-01 3.006334656902969783e-03
5.137539158624010623e-03 6.768869760647215905e-01 3.106969011996893286e-03
5.384163387612811609e-03 6.127982273548179259e-01 3.297571799518514337e-03
5.637080657498214770e-03 5.094028407893483879e-01 3.655975631226141345e-03
5.884551514168170731e-03 3.699202354321733943e-01 4.217467096192708230e-03
6.048293969091129117e-03 2.626160044228127988e-01 4.805514423058897255e-03
5.990985115550501346e-03 1.788965383936542697e-01 5.280392467222924484e-03
5.868918495334985580e-03 1.190431239118432266e-01 5.435823030643880879e-03
5.759281915493782988e-03 8.308297259931921031e-02 5.293420480125026611e-03
5.685176878215245436e-03 6.846849787851481961e-02 5.062901086012061048e-03
5.617858773436113645e-03 6.744691817612510909e-02 4.848495811674726971e-03
5.584467790307481860e-03 7.364949285386770961e-02 4.471572387031052219e-03
5.529173847801421154e-03 8.218100411204343203e-02 4.302673716070884793e-03
5.496812298950537294e-03 9.104371901110967780e-02 3.919224774309194685e-03
5.448780500400713343e-03 9.952608240867148737e-02 3.693920837052315758e-03
5.391248719243633795e-03 1.073389044400338832e-01 3.660800124269345760e-03
5.341757777257422415e-03 1.142205895951338840e-01 3.454702912171568347e-03
5.291259984813541893e-03 1.202955725313780561e-01 3.160894193664518913e-03
5.236103078729409908e-03 1.255431437482488755e-01 2.942202149652240351e-03
5.176296939600260813e-03 1.298800605490016136e-01 2.875454004829476173e-03
5.115032120210420002e-03 1.332438994644589425e-01 2.808415335990451043e-03
5.053647117554252444e-03 1.356979828674673427e-01 2.666081395482631285e-03
4.990358674135772672e-03 1.372290234843926982e-01 2.472334673813403588e-03
4.923943186970031541e-03 1.378357141984678513e-01 2.303872108318227429e-03
4.857241690409836929e-03 1.375166221525355448e-01 2.235023166130431505e-03
4.792850821547722621e-03 1.363108422972784672e-01 2.272699492045238742e-03
4.730885780009461312e-03 1.342722079130758972e-01 2.332778082887027298e-03
4.669431379927634421e-03 1.313188747059870765e-01 2.300339422181899452e-03
4.608264171293507960e-03 1.273867565580422134e-01 2.175195707293907463e-03
4.549198599583937144e-03 1.224521977493761432e-01 1.984869550731310599e-03
4.489931114799434672e-03 1.164899163280131433e-01 1.808228202027872128e-03
4.424808431707505374e-03 1.094605245616584732e-01 1.682396547043810489e-03
4.353722954748379288e-03 1.013474666162225285e-01 1.661812350366955425e-03
4.279720027684254073e-03 9.216315415396211796e-02 1.580673191335142062e-03
4.213761999226842657e-03 8.196189507555115550e-02 1.806924138027614628e-03
4.147722552057680340e-03 7.056061064818364148e-02 2.056423181898542601e-03
4.084201604725666221e-03 5.789634520619328650e-02 2.269185616122112916e-03
4.022695171074727911e-03 4.395388293364723559e-02 2.532456727462019212e-03
3.965753739580538985e-03 2.872679461886925092e-02 3.283825837058571093e-03
3.925146864700023407e-03 1.246482854958147479e-02 3.943488673689632927e-03
3.884070391708962025e-03 8.366450975433986290e-03 4.536403441022980772e-03
3.836807623407013750e-03 2.715273696195807593e-02 4.788561342221045111e-03
3.786324155234757974e-03 4.865161073116221202e-02 5.392686363584541648e-03
3.729866607453376746e-03 7.201010735275861774e-02 5.294617916183888898e-03
3.666962358513664675e-03 9.733976361219727480e-02 6.330763335110072172e-03
3.601216775865529775e-03 1.248146199147093377e-01 5.892456124323274674e-03
3.532352529098522695e-03 1.544022646845058522e-01 7.176574186334212617e-03
3.459331936377885337e-03 1.865556214000561042e-01 6.816514908056633439e-03
3.388090009456521355e-03 2.212061745053685302e-01 8.876213844136310316e-03
3.298239572330415384e-03 2.588401607417613048e-01 7.610132411643074149e-03
3.222316146783656653e-03 2.995076483223570452e-01 9.595962798593170306e-03
3.130660380311728677e-03 3.436490405909551349e-01 1.248636795803450411e-02
3.019667493957491847e-03 3.915073121117566557e-01 7.791686313398779942e-03
2.942147604451532221e-03 4.433994536012894616e-01 1.025780452660746654e-02
2.838750853129414463e-03 4.999950504927778705e-01 1.632410656367900420e-02
2.711193145236536536e-03 5.617689305295088253e-01 1.133425646474191424e-02
2.570464989107899053e-03 6.290982304239707279e-01 1.831996222657091347e-02
2.419115670200005629e-03 7.035816587496358521e-01 2.370633905918410542e-02
2.197771867202786417e-03 7.854470613456129291e-01 2.524725358706263190e-02
2.046779525033560771e-03 8.768152179206616381e-01 2.746809203733158525e-02
1.903589167438521617e-03 9.783892316600794059e-01 2.922354690988445206e-02
1.749515439165831620e-03 1.091867446591919588e+00 4.188009580869232751e-02
1.545470925281151788e-03 1.220264565977787097e+00 5.821201245536975627e-02
1.277373733979897744e-03 1.366302589847724347e+00 4.862189454950470446e-02
1.114935812611462553e-03 1.531697836768029841e+00 5.220281402178907765e-02
8.476350984303646736e-04 1.730598158714480750e+00 1.324419688986277488e-01
