0.000000000000000000e+00 0.000000000000000000e+00 0.000000000000000000e+00
1.064497551079436784e-02 3.426219360982171551e-04 2.537650944747973231e-04
1.676194777942694239e-02 3.929855037026032199e-04 4.318825618983980052e-04
2.120177081667535060e-02 5.380358731212055113e-04 6.531480748889303316e-04
2.483361123249380395e-02 6.310537774056359768e-04 8.980730510488670569e-04
2.773904460403176647e-02 7.613432923153001580e-04 1.125783977223960381e-03
3.036686672553060712e-02 8.498096046009865527e-04 1.420362216319635915e-03
3.277074201021595162e-02 1.006039952339665049e-03 1.635093860814494562e-03
3.491935082474746654e-02 1.004012308862005723e-03 1.782307378016602948e-03
3.693442240738608467e-02 1.065604705851117516e-03 1.964843571803699847e-03
3.873530544329741032e-02 1.056232881179223169e-03 2.001481229059250133e-03
4.041398148376693089e-02 1.082539676313387655e-03 1.968560836458997827e-03
4.204871245405032015e-02 1.181095249130699855e-03 1.902861206680901826e-03
4.359357572270498860e-02 1.030326201864137847e-03 1.927513095662248795e-03
4.504774722214829885e-02 1.101554637732179596e-03 2.086294817056519486e-03
4.649692933134764311e-02 1.149356290034819110e-03 2.049343120712013213e-03
4.786326100299848757e-02 1.279570495308435382e-03 2.107547178051602521e-03
4.915699590578367917e-02 1.332012107878350823e-03 2.139383030169412451e-03
5.039574131020638920e-02 1.400639016909233092e-03 2.160502168742503386e-03
5.164739226857804899e-02 1.508410761667011105e-03 2.198962838973226447e-03
5.284995760612155868e-02 1.647584766552637886e-03 2.271270481745576737e-03
5.403259486928867900e-02 1.753259411623422481e-03 2.265586093771467142e-03
5.516658691531590303e-02 1.916593392877802412e-03 2.243534132802922458e-03
5.628043216431818929e-02 2.027919279031149304e-03 2.214621234660847995e-03
5.736843115459103887e-02 2.131724213593987321e-03 2.152780432338324834e-03
5.843533565578115652e-02 2.243474790847664341e-03 2.105145002125019017e-03
5.947939779785973297e-02 2.348212756574127261e-03 2.064046546239164514e-03
6.050109833310828023e-02 2.413216038211710417e-03 2.066588834527028056e-03
6.150218094735142998e-02 2.451439224512038436e-03 2.029097658334127769e-03
6.248602517669708811e-02 2.488068549199959779e-03 1.995202041620356206e-03
6.346257936640305186e-02 2.541893726411461295e-03 1.964274744026545463e-03
6.442289003760934274e-02 2.574688868190123416e-03 1.926918476821534634e-03
6.536870245499196153e-02 2.603689614559830719e-03 1.880226162524024002e-03
6.630452816195163412e-02 2.633809716329465773e-03 1.847113262720767287e-03
6.721883117371033056e-02 2.657200200652526031e-03 1.823125222892265068e-03
6.811471448913540561e-02 2.662041998768118096e-03 1.779042439398006038e-03
6.899521287883504661e-02 2.677813274648811748e-03 1.728400367530818441e-03
6.986464960443866667e-02 2.683343728173731742e-03 1.676536374982068789e-03
7.072356862182897774e-02 2.690384297373503951e-03 1.642289491486231389e-03
7.157376397377585020e-02 2.670357312642255340e-03 1.614029067013319487e-03
7.241372724017747231e-02 2.643218162526634208e-03 1.589301064221901446e-03
7.324275898422714925e-02 2.611394485227880400e-03 1.570857644995219933e-03
7.406778764066400400e-02 2.591571869472891667e-03 1.568840495991897892e-03
7.488207189047654810e-02 2.570949993086159204e-03 1.573542298212791089e-03
7.569018195637199076e-02 2.553044779737358421e-03 1.567493543291550084e-03
7.648747585021802020e-02 2.531835922013338149e-03 1.552968224859159778e-03
7.727934822935128567e-02 2.516541863952842170e-03 1.530343502948062085e-03
7.806231505663149828e-02 2.504256139569335533e-03 1.506962101215482538e-03
7.883622960323848072e-02 2.493271503737451954e-03 1.493390093263136185e-03
7.960754180198456598e-02 2.480771374320121878e-03 1.486846391481395479e-03
8.037972907611239115e-02 2.470601794573165297e-03 1.479547229505672606e-03
8.114700397241263186e-02 2.457631773668522528e-03 1.468325265120559329e-03
8.189518590205957516e-02 2.448183829789492803e-03 1.464676880230953273e-03
8.262911932754103683e-02 2.436846854002929896e-03 1.458004937540210988e-03
8.334781902139930254e-02 2.435088334270993447e-03 1.467447902328535220e-03
