0.000000000000000000e+00 0.000000000000000000e+00 0.000000000000000000e+00
4.392915135323584481e-05 5.396623915319132117e-06 5.304272140624699005e-06
4.200319414202841940e-05 6.778858923095976223e-06 5.217546855822248602e-06
4.175004320085294108e-05 7.099760827061631465e-06 5.185095813059314833e-06
4.150693181322241974e-05 6.692567543091469170e-06 3.905751451521727522e-06
4.124038782327536394e-05 6.000524375670467648e-06 2.521259165847481346e-06
4.125363915169967153e-05 6.167251408496139527e-06 2.821145824933162829e-06
4.139284965051511189e-05 5.929081797834753985e-06 2.662988394763944729e-06
4.161435845297312619e-05 5.003695326886640457e-06 2.143598475303840225e-06
4.186916027677122691e-05 4.310378194886526436e-06 2.162876669066668735e-06
4.220293037084231101e-05 4.550705132090485023e-06 2.955625426453862099e-06
4.255945926823082384e-05 4.113201158028303636e-06 2.422687437518303448e-06
4.291606761913488086e-05 2.813155158605151027e-06 1.739152734120093255e-06
4.336493801401524373e-05 3.593074876956257295e-06 2.280637254256183061e-06
4.383148162616100531e-05 4.425536319025568063e-06 2.883330156078061823e-06
4.431432581035145901e-05 4.410747907711648499e-06 2.396948282716502518e-06
4.481063885960179623e-05 3.590448090209735654e-06 9.088338972138088183e-07
4.533177565865564905e-05 3.595714983750821412e-06 1.528697628033431062e-06
4.540774297481101545e-05 4.067431299457534528e-06 2.706266628119726727e-06
4.541317799325503664e-05 3.572963574298943478e-06 2.603882298339460860e-06
4.540247423686561470e-05 2.363744155885275320e-06 1.554803356751736682e-06
4.540585877123342928e-05 1.982818463645507344e-06 1.086284662709620202e-06
4.543480849844589174e-05 2.992415543638443126e-06 2.235740673499306110e-06
4.544917080983954395e-05 3.323642943865115681e-06 2.454520786945494788e-06
4.545454492186029550e-05 2.968283015133147153e-06 1.734841992701224658e-06
4.546285708331987690e-05 2.791788396632656894e-06 1.071535649433878087e-06
4.549082280063847440e-05 3.141567348252343239e-06 1.220513518813706348e-06
4.549782085001572774e-05 3.119374096712576838e-06 1.390498060333380965e-06
4.551231082084472340e-05 2.781465518822335616e-06 9.749133024352723908e-07
4.552826006122593315e-05 2.518058449865967544e-06 1.197015469299964472e-06
4.554789683098628802e-05 2.518733920445709936e-06 1.897597916769203016e-06
4.556446841008316096e-05 2.303466771740709036e-06 1.751927555030829686e-06
4.557375746210426198e-05 1.564492180275461066e-06 1.076966361615517954e-06
4.559316719185615302e-05 1.328654727080875629e-06 9.431262415867973455e-07
4.561716648287976255e-05 2.206821117456137022e-06 1.608702607675832110e-06
4.563726736430816656e-05 2.524354514401146637e-06 1.781727974492191433e-06
4.564785910454504319e-05 2.133030809763459177e-06 1.212025782147842752e-06
4.566222175742785466e-05 1.926956403647024188e-06 4.609969215943563089e-07
4.568651409359985325e-05 2.155442164641235915e-06 1.135996149633472133e-06
4.571208753859781564e-05 2.191496819515220183e-06 1.539539801203145076e-06
4.573047315487251184e-05 1.804245987600122288e-06 1.150319092950193760e-06
4.575175465199579687e-05 1.544347490208946387e-06 7.061787522011023642e-07
4.577041978712720279e-05 1.730177359750395912e-06 1.021671292436636317e-06
4.579586769525352964e-05 1.909274158740107047e-06 1.238640117723842203e-06
4.581358742005690887e-05 1.607603229335590889e-06 1.054540248124385430e-06
4.583822095093302980e-05 1.360502556244741164e-06 8.336656034049206175e-07
4.586238037649588764e-05 1.589846907477685093e-06 9.872452109974805483e-07
4.588683025445522076e-05 1.819197402373859574e-06 1.072106835055600715e-06
4.590809853200668593e-05 1.610521341556900967e-06 7.707518813062280700e-07
4.593049812583348463e-05 1.401103486949311500e-06 4.584656030433363627e-07
4.595865137779856511e-05 1.562275687628109932e-06 8.905306853834291745e-07
4.598493059107828921e-05 1.566202065167852187e-06 1.182537449859481272e-06
4.600942515823868573e-05 1.269430095658128592e-06 9.144714113006512132e-07
4.603337889946320104e-05 8.695986317568338001e-07 4.709947584638386951e-07
4.606028914436748918e-05 1.125425375670963059e-06 7.741923689553309666e-07
4.608912580068357607e-05 1.406188230387524832e-06 1.060927904023409110e-06
4.611555913120760980e-05 1.341529746593386285e-06 9.400601943484050104e-07
4.614330064798218586e-05 1.116937230723567312e-06 5.824937904386230486e-07
4.617259666418330942e-05 1.148619117427810187e-06 5.521699264023696046e-07
4.620166589081670989e-05 1.360394963203961270e-06 7.636699288197946560e-07
4.622923316779997606e-05 1.219421487693008520e-06 7.357319941080903159e-07
4.626023796654991536e-05 1.052515389626158207e-06 5.047480955896869621e-07
4.629013040972323453e-05 1.054204210026380023e-06 5.604181388459711984e-07
4.632025919945367262e-05 1.153467288211782987e-06 7.372733830247129539e-07
4.635091245308156556e-05 1.039035947219986931e-06 6.484141842707601210e-07
4.638059086534663346e-05 7.433190192151609831e-07 4.738121823721458375e-07
4.641423098607918804e-05 8.599827907528133015e-07 6.235409668636649625e-07
4.644531673945770747e-05 9.834171284509754407e-07 7.999574984804293066e-07
4.647894967737981753e-05 9.964293851482706577e-07 7.038518269621610294e-07
4.651100448327620659e-05 8.030584502019237952e-07 3.881268800566364676e-07
4.654558408684800918e-05 8.434158456682414778e-07 4.020036092084056164e-07
4.658082330802905651e-05 1.007389763692676767e-06 6.064013218953923392e-07
4.661461724721046782e-05 9.347084929933636254e-07 5.884982377346994570e-07
4.665040027579609241e-05 7.775013435637414762e-07 3.838909694009231399e-07
4.668519623618321848e-05 6.615529327310148307e-07 3.789290100070226189e-07
4.672119566491135870e-05 8.255506153349078126e-07 5.956362417882597942e-07
4.675695328166251528e-05 7.792205193379959927e-07 6.352097976621446467e-07
4.679357872377996864e-05 6.439852834502384308e-07 4.856744919259408090e-07
4.683218783951153158e-05 6.795027911337698780e-07 3.821213765843457411e-07
4.686822455304467597e-05 7.496499385685024475e-07 4.862115412602946432e-07
4.690675093504643940e-05 8.045221451295935585e-07 4.767139224912325470e-07
4.694464812843681441e-05 6.556656559118938157e-07 3.074786374663115726e-07
4.698550356095000289e-05 6.716980244842372926e-07 3.241558396324133862e-07
4.702432399863835932e-05 7.124331463986221864e-07 4.663412614257730758e-07
4.706444485219732398e-05 6.813348332299709100e-07 4.527375006928895739e-07
4.710510415124506629e-05 5.517609236499141647e-07 3.393882030104647909e-07
4.714576756741595492e-05 4.383566878228147022e-07 3.299843365089595986e-07
4.718808880338836532e-05 6.479035729479477232e-07 4.496378727580970866e-07
4.722931710076875699e-05 5.993357359052737207e-07 4.936748998179401542e-07
4.727223064298058917e-05 5.363013754194637018e-07 3.866788408103032625e-07
4.731541278294287405e-05 5.000378298044432661e-07 2.322895189167639249e-07
4.735811550184553794e-05 5.895364765913127462e-07 3.302678706264175066e-07
4.740245552965692116e-05 6.476093191173696280e-07 3.814062820207716150e-07
4.744612886385646787e-05 5.154866730883961670e-07 2.855264256134955793e-07
4.749236759778394383e-05 5.054016174931243725e-07 2.671527929688659014e-07
4.753615398118515682e-05 4.682488594363423170e-07 3.465583044462293342e-07
4.758278023213161518e-05 5.483297383687148082e-07 3.631000829728864213e-07
4.762859651485776470e-05 4.296647150465799844e-07 3.116032944164048335e-07
4.767577693615932216e-05 3.882928869696664617e-07 2.769621518724073881e-07
4.772340851638343096e-05 5.044073656250863058e-07 3.063340519857381344e-07
4.777043501781095647e-05 4.874842519941493718e-07 3.173008826776326434e-07
4.781940289139678955e-05 5.006489545795584090e-07 2.365704268864474453e-07
4.786777840609477704e-05 3.688182068623376617e-07 1.855647549748188675e-07
4.791726993314049859e-05 4.626644502566182506e-07 2.896116125502505308e-07
4.796666124808073348e-05 4.410882350009993311e-07 3.337293008898754103e-07
4.801679427604193314e-05 3.965999823690496399e-07 2.595379698539160406e-07
4.806796878779178177e-05 3.690682181031646456e-07 1.909791976485513487e-07
4.811831678802853067e-05 3.437484505496314009e-07 2.598426694032075582e-07
4.817059876423199070e-05 4.539417129949553039e-07 3.052061393001863471e-07
4.822215690429265927e-05 3.502314472165829777e-07 2.465810412785492127e-07
4.827556971908146917e-05 3.828246853404949469e-07 1.707043792675909855e-07
4.832840502298373417e-05 3.577669563501998718e-07 1.962232326546016108e-07
4.838193599785554656e-05 3.989657409371837065e-07 2.404731207400373573e-07
4.843633089944842122e-05 3.784177791947004886e-07 2.291610937890789427e-07
4.849102224379557813e-05 2.796117031888236921e-07 1.878007531637110929e-07
4.854667440503431918e-05 3.754082980943532943e-07 2.052568096884684241e-07
4.860148172749742849e-05 3.067504657880721053e-07 2.480398314442227883e-07
4.865799807079767192e-05 3.410961733922927660e-07 2.310110676217538490e-07
4.871438646005469403e-05 2.677995537098253845e-07 1.573344630674409054e-07
4.877150906072730562e-05 3.198770010090402270e-07 1.739901204965165227e-07
4.882902671034555395e-05 3.624606015076796136e-07 2.116250694450898763e-07
4.888678097633592786e-05 2.895208889658472709e-07 1.807986843269145051e-07
4.894592066629073587e-05 3.095469489500243805e-07 1.554868192070149051e-07
4.900445037412858257e-05 2.173276071212170614e-07 1.848809952874825403e-07
4.906439161825928839e-05 3.399462614858589581e-07 2.045110026054689492e-07
4.912409511860157951e-05 2.665230440253445074e-07 1.994969920063310687e-07
4.918492955550167261e-05 2.449244349207352852e-07 1.759309613593012181e-07
4.924620249796675473e-05 2.816521188961836662e-07 1.509014394624866464e-07
4.930701310103052185e-05 2.664456426538291003e-07 1.622022917233972478e-07
4.936925496133979542e-05 3.265463216343724261e-07 1.575425689156121935e-07
4.943119621318351311e-05 2.044835614028456823e-07 1.250920773272980910e-07
4.949255337759954181e-05 2.753554204471777645e-07 1.570752164474896349e-07
4.954265086998655663e-05 2.265957730402357293e-07 1.877483239999500040e-07
4.958362591929694563e-05 2.616909976598645265e-07 1.634289496582685323e-07
4.962109106976749537e-05 2.469662232325361181e-07 1.328663671346121448e-07
4.965363136585185960e-05 1.834148054914766656e-07 1.547761167564423298e-07
4.967004848059384479e-05 2.813461237120655326e-07 1.735538134714574037e-07
4.966966731532122109e-05 2.024735736343466303e-07 1.418970204193771656e-07
4.967021699374601430e-05 2.706170104386896167e-07 1.035433242695194518e-07
4.967020487088417719e-05 1.979586920275962809e-07 1.071789519117904862e-07
4.967027097278732349e-05 2.375294111878273501e-07 1.510142396266732480e-07
4.967035563407438503e-05 2.342642119089988703e-07 1.584606644980373246e-07
4.967030630946250559e-05 1.706585679273579393e-07 1.261465974864978385e-07
4.967100454231255672e-05 2.478774469447538876e-07 1.122637533925382910e-07
4.967046402599624048e-05 1.522363862882492144e-07 1.513467852643759230e-07
4.967088278702927202e-05 2.416826468664579478e-07 1.665522543395292820e-07
4.967070084948053228e-05 1.693870664548039197e-07 1.220157496950096063e-07
4.967116020116540232e-05 2.214550672631276070e-07 9.224438872781170330e-08
4.967101866971894122e-05 2.294250219419142442e-07 1.046905881913313179e-07
4.967089442027311941e-05 1.836494719528898246e-07 1.144208966390641995e-07
4.967128740510258489e-05 2.238679636327615386e-07 1.195310543658394037e-07
4.967113981769391421e-05 1.120360934565034485e-07 1.167090009930519013e-07
4.967152675330062503e-05 2.349882107246040561e-07 1.214485674734493922e-07
4.967123520005056313e-05 1.480900228354691195e-07 1.359485382549674126e-07
4.967150854100683716e-05 1.764434674993418709e-07 1.392540510778659228e-07
4.967176784674569881e-05 1.775039626972764570e-07 1.118809962556735134e-07
4.967167703170134431e-05 1.710425144580674131e-07 9.527094098986902700e-08
4.967192700377870385e-05 2.350032101519566230e-07 9.786013770644925925e-08
4.967164027233813824e-05 1.315181530433667098e-07 8.764012617737276531e-08
4.967223686293122749e-05 2.030598539259579579e-07 1.079021053809856186e-07
4.967185141065898836e-05 1.211680410620930009e-07 1.197805873879290359e-07
4.967204210287654552e-05 1.927269802920166561e-07 1.123899353791728877e-07
4.967201833305452446e-05 1.697078344807371822e-07 1.050146385040399930e-07
4.967206921658715490e-05 1.146558807666353651e-07 1.168781357095632812e-07
4.967233435986203075e-05 1.901283238327679866e-07 1.204089131690413381e-07
4.967206077708568365e-05 1.221252603587796846e-07 9.696276623399304123e-08
4.967244309940862011e-05 2.129895654226237145e-07 8.048326212066318275e-08
4.967234098766018101e-05 1.259917971895425601e-07 7.582462885239000007e-08
4.967260598581079459e-05 1.728432984457941055e-07 1.019369251504969502e-07
4.967259362173092832e-05 1.548337890798846013e-07 1.102862690788370312e-07
4.967251837252242554e-05 1.327056976225864050e-07 9.170612139373923181e-08
4.967285948953320296e-05 1.876116767957932131e-07 8.268227930670904706e-08
4.967260819739261694e-05 7.808433285254104325e-08 1.076067174761041149e-07
4.967290896730974055e-05 1.780530684469951630e-07 1.255111514930840670e-07
4.967268541186164782e-05 9.999885660525057021e-08 9.852282636009134035e-08
4.967299915782063651e-05 1.742131319717671498e-07 6.959533137403236394e-08
4.967295422038317125e-05 1.549444904506185550e-07 7.329122106497444016e-08
4.967296851626180009e-05 1.314195048302834752e-07 8.815606878976762444e-08
4.967318363335453167e-05 1.697637532031455410e-07 9.788274703621986915e-08
4.967305579236708143e-05 7.999214393856603586e-08 8.356086607564249717e-08
4.967343153411331070e-05 1.855956242502394224e-07 7.914144570655943493e-08
4.967319375475756242e-05 9.020248738397431118e-08 9.730410077588942026e-08
4.967343194771254639e-05 1.429412771727021911e-07 1.140285445329422068e-07
4.967344437119289524e-05 1.201585183673917357e-07 9.690698053968896377e-08
4.967352652348547976e-05 1.296653867659786314e-07 6.939108276540693194e-08
4.967361588049578946e-05 1.757719559414682430e-07 7.156182935148142112e-08
4.967345191245556030e-05 8.956900211030276801e-08 7.512432370008521005e-08
4.967380382167078202e-05 1.629450687896491016e-07 9.181731148239337390e-08
4.967357397663038854e-05 7.245816317945322910e-08 8.808903605752544894e-08
4.967377388811945754e-05 1.588687470218871991e-07 7.890010499877231390e-08
4.967373907589920561e-05 1.242828155668629223e-07 8.304824602513487809e-08
4.967381043968869007e-05 9.536077770471394316e-08 9.788808559091853322e-08
4.967400565307832598e-05 1.416352962462393325e-07 9.813892175213557873e-08
4.967386235936153575e-05 8.438667690201227013e-08 7.515949453648537380e-08
4.967412557727771507e-05 1.732384228334555134e-07 6.558219680437959155e-08
4.967394434360119788e-05 8.141846319008538370e-08 6.903614438903735213e-08
4.967423326503947196e-05 1.401814232344983473e-07 8.627071063541292133e-08
4.967414889208211396e-05 1.049248731110740616e-07 8.924967403617005760e-08
4.967415002507717214e-05 1.154510975415557298e-07 7.317099901633631109e-08
4.967430379831246046e-05 1.488218106621357198e-07 7.071644760824728169e-08
