0.000000000000000000e+00 0.000000000000000000e+00 0.000000000000000000e+00
2.257366874442669983e-03 5.492299284177382194e-05 5.217313745997842798e-05
2.183385798440959542e-03 6.655907387755976114e-05 5.166013355095430904e-05
2.206949587526299029e-03 6.846768462262670400e-05 5.092383251851118758e-05
2.244762010142594202e-03 6.410584348960613431e-05 3.829125392746098402e-05
2.301053734097954686e-03 5.958479085586630670e-05 2.517428840077699429e-05
2.385350258837088105e-03 6.085022526994680224e-05 2.543368770101969465e-05
2.580685753361238940e-03 5.415374248971881150e-05 2.354643623840856374e-05
2.587460629803435292e-03 4.805828694488330666e-05 1.794362819794163735e-05
2.587364140124871325e-03 4.375414295663867517e-05 2.190837531813210389e-05
2.587329177171127353e-03 4.270334996482206950e-05 2.838460007606778630e-05
2.587269751247111942e-03 3.489907288487205308e-05 1.937451080044201140e-05
2.587207913922391113e-03 2.276802746226431096e-05 1.401268757336829101e-05
2.587220414280644830e-03 3.372261727098385908e-05 2.366379511152839278e-05
2.587222477093901411e-03 4.156001904232629109e-05 2.902966334046569582e-05
2.587185967937757815e-03 4.050882598981273334e-05 2.178702459645498948e-05
2.587132205950264888e-03 3.193444617359960877e-05 6.599761317365673518e-06
2.587151508686838085e-03 3.350042830331673036e-05 1.636964921262933970e-05
2.587176653029319047e-03 3.683626299431937400e-05 2.478252503229487637e-05
2.587152023617840437e-03 3.055146469133511374e-05 1.998310549632409066e-05
2.587116937026110331e-03 2.173719426515961813e-05 7.522107699796815355e-06
2.587117641019626591e-03 2.358688173512577400e-05 1.222448748039715080e-05
2.587141436224876367e-03 3.072038360004434519e-05 2.167375371564483923e-05
2.587127896858729906e-03 2.824846091865096826e-05 2.009035714630319898e-05
2.587126929238185453e-03 2.409983770161453799e-05 1.276436226825511283e-05
2.587126511121693936e-03 2.635451024387560235e-05 1.101853158554488545e-05
2.587150545637518107e-03 3.013057357539952548e-05 1.263754624115830119e-05
2.587143135538468117e-03 2.713423177773160156e-05 9.895200298511393344e-06
2.587148727906057530e-03 2.355540917497418049e-05 5.017884998512104112e-06
2.587170179630527214e-03 2.400634357339212163e-05 1.342375761764874339e-05
2.587183786501982309e-03 2.326269227927870063e-05 1.739254655981442127e-05
2.587183197289955917e-03 1.758607444833145555e-05 1.140873538849400801e-05
2.587178774178550567e-03 1.086420069688236108e-05 4.331405558084858923e-06
2.587196487453651168e-03 1.650908243743480548e-05 1.228098953416974219e-05
2.587222791003882319e-03 2.262060289355695392e-05 1.706839455161387374e-05
2.587217940944923703e-03 2.035358710294967751e-05 1.438011518543928071e-05
2.587217567328638224e-03 1.591152721147651253e-05 6.176400231890213365e-06
2.587226174185751522e-03 1.734286906527807278e-05 5.952692785150243494e-06
2.587245430835466431e-03 1.993052673282676938e-05 1.228621181546885007e-05
2.587261283339645137e-03 1.878211026054147818e-05 1.178891921547587819e-05
2.587266926158843152e-03 1.618158336912151654e-05 5.826680107931327540e-06
2.587282585454958161e-03 1.676789024689156273e-05 6.537141361508626408e-06
2.587293982705967440e-03 1.729731189813590658e-05 8.647195810330378241e-06
2.587304639654762223e-03 1.499014366444380106e-05 6.733243358790337768e-06
2.587314360444784109e-03 1.075661780631147356e-05 5.416352051832571719e-06
2.587336886568039444e-03 1.331535798635309445e-05 9.436117950383386867e-06
2.587349539908041091e-03 1.532575366999819894e-05 1.140756892855220428e-05
2.587357086128231481e-03 1.375475572130101920e-05 8.328222451917267612e-06
2.587359982333518361e-03 1.106390251808243165e-05 2.903381364016646494e-06
2.587379713388822736e-03 1.259760055366760181e-05 6.498413931751338698e-06
2.587399642186074492e-03 1.465459974343465397e-05 9.602930682140643166e-06
2.587405157838673208e-03 1.211730684178997400e-05 7.925830612489742668e-06
2.587414144597958727e-03 9.546126495045884663e-06 2.765513440992634606e-06
2.587417143139063812e-03 1.037659143267012010e-05 5.367796748739231215e-06
2.587439657849313623e-03 1.233841356207416299e-05 8.872306435761150901e-06
2.587450201063715843e-03 1.083336179087048221e-05 8.207109202161420636e-06
2.587462103227106125e-03 7.997724807159503488e-06 5.299319786029314764e-06
2.587472705906894953e-03 9.416754305415290022e-06 5.163630771834643310e-06
2.587481427288932951e-03 1.106741543159292548e-05 6.262808308396359385e-06
2.587492892729784891e-03 1.093946202063299780e-05 5.041512288594773439e-06
2.587504832983177679e-03 9.027715781409053754e-06 2.707984751478638845e-06
2.587520101289876497e-03 1.011333060807880739e-05 4.025262590116995002e-06
2.587530898020986344e-03 1.032552189198117795e-05 5.483556720031918765e-06
2.587534470164191708e-03 8.284571090772847477e-06 3.804508432363192741e-06
2.587545815802980848e-03 6.326419423249216520e-06 2.446609405066333401e-06
2.587559418000175832e-03 6.535833865416249446e-06 5.889684721918263834e-06
2.587574051906499101e-03 8.410362235044720262e-06 7.623465140251092022e-06
2.587579586511020747e-03 6.490572847564138795e-06 6.045141404585351220e-06
2.587588525397302962e-03 5.386217389751832867e-06 2.495968321030983697e-06
2.587594227036339300e-03 6.559029715598105755e-06 3.053691093355290793e-06
2.587608623611008241e-03 8.410125219348620401e-06 4.950081322250954743e-06
2.587617971145194599e-03 8.177409174851359884e-06 4.155896521267368355e-06
2.587628805578031602e-03 6.333709949727953252e-06 1.861889086914049054e-06
2.587635798486474445e-03 7.030420290280723842e-06 2.717618758076332174e-06
2.587641455108137273e-03 6.953140823296596988e-06 4.276873942191032400e-06
2.587654375964429723e-03 6.228789030258621811e-06 4.223269571840675671e-06
2.587664684054331778e-03 4.637735045975030261e-06 3.270393156644042571e-06
2.587673286898805897e-03 5.446782125143403047e-06 3.569556661439512168e-06
2.587680625887023387e-03 6.542571045349463499e-06 4.042023764151419661e-06
2.587683460796467300e-03 5.235178606148514499e-06 2.913620822993901132e-06
2.587696513234433691e-03 4.836037419446676313e-06 1.499145545004185732e-06
2.587705356278977280e-03 4.893955856058840017e-06 3.121226830434087861e-06
2.587715526062773184e-03 6.194051239547806232e-06 4.116461110848168030e-06
2.587721817375410703e-03 5.257606262910984272e-06 3.143227343134433459e-06
2.587725174514786224e-03 4.067999481363629525e-06 1.505949090683632711e-06
2.587731223702837303e-03 4.790189454894036889e-06 2.892901246355604274e-06
2.587743578656241834e-03 4.905376476961687622e-06 3.824585357051162394e-06
2.587753755823791503e-03 5.112323945660614646e-06 3.154821598084005395e-06
2.587760536216108555e-03 3.115168904394985131e-06 1.730829829755115588e-06
2.587764005738213500e-03 4.392331876278103231e-06 1.688565628230613251e-06
2.587767689185946959e-03 4.762511894310491662e-06 2.504972477986641502e-06
2.587777025998500100e-03 4.414668553097952600e-06 2.332042988584424731e-06
2.587788166972569606e-03 4.207031017834122348e-06 1.658517224129590210e-06
2.587793268512772471e-03 3.489701682844578862e-06 2.606889691652111565e-06
2.587800270314593101e-03 4.457598520574720355e-06 3.205956736891846563e-06
2.587801865560351942e-03 3.308351954264165802e-06 2.173962477874398469e-06
2.587811662068935023e-03 3.720791008720113965e-06 9.766758082544917059e-07
2.587818656854213792e-03 3.642193831403277262e-06 1.915204740664272181e-06
2.587825324430793623e-03 4.182631230013604601e-06 2.375419565020057193e-06
2.587830380348737913e-03 3.905445574122355875e-06 1.910709839285963815e-06
2.587836057238376408e-03 2.178156874383516408e-06 1.116038039972721003e-06
2.587841133366051288e-03 3.539960614526730032e-06 1.783583695022393219e-06
2.587845288541121194e-03 2.802843321406559721e-06 2.724998660931149214e-06
2.587854355943069833e-03 3.367592976194019346e-06 2.641575654954927400e-06
2.587860024005074391e-03 2.569674419004865565e-06 1.641183285869135307e-06
2.587863651056525674e-03 3.140262377890292220e-06 1.323703312445644440e-06
2.587867937533629061e-03 3.680045817227812894e-06 1.659171638076322922e-06
2.587874655051395061e-03 2.667192225597006735e-06 1.444777524469344889e-06
2.587883122199351790e-03 3.115257757644537043e-06 1.207266732660315639e-06
2.587885537799015662e-03 2.143474653113815559e-06 1.617909332073263240e-06
2.587889888733215828e-03 3.350583251214304064e-06 1.904087642474142754e-06
2.587893745456845522e-03 2.340610715074915080e-06 1.651248330452438992e-06
2.587900753587440896e-03 2.141014107294231666e-06 1.504103201043515040e-06
2.587906573027343952e-03 2.579167176681838394e-06 1.784935418431624481e-06
2.587910022230744712e-03 2.362724227450369275e-06 1.798065269509919231e-06
2.587915095912876259e-03 3.100405575954165670e-06 1.369224567094598781e-06
2.587919001552702568e-03 1.615252775486514677e-06 1.018713442742210436e-06
2.587923743555967018e-03 2.815315057545004982e-06 1.370743047432857599e-06
2.587927657506584184e-03 2.351708504354696111e-06 1.562710141977658905e-06
2.587934197445510096e-03 2.466572056686913741e-06 1.309623162772661845e-06
2.587938963599749603e-03 2.355386089616544454e-06 9.547276059969753756e-07
2.587940511673364214e-03 1.541349971473544855e-06 1.509035391966585747e-06
2.587944672305068396e-03 2.578863169073441680e-06 1.939073345930916284e-06
2.587950398604304397e-03 1.475519816493097042e-06 1.552631842154366102e-06
2.587957463243132760e-03 2.585718791620134159e-06 9.651123660510149390e-07
2.587961094323021783e-03 1.917826764552499450e-06 9.664823329538154775e-07
2.587963833429636918e-03 2.321626277883146050e-06 1.151862181404940686e-06
2.587966818478113547e-03 2.288175399890746390e-06 1.079868943095078520e-06
2.587971154058491333e-03 1.441627919237658010e-06 1.013458998312655573e-06
2.587976900610036712e-03 2.539600738243044809e-06 1.238583513813735978e-06
2.587980183160146913e-03 1.181303217190578118e-06 1.649734060493783310e-06
2.587985441540430632e-03 2.116195900095658938e-06 1.669863149993323941e-06
2.587987502788059811e-03 1.309543590172621779e-06 1.129849224573237184e-06
2.587990507904774310e-03 2.122659637181084246e-06 9.185885119164068718e-07
2.587996069557064061e-03 2.384540530340828330e-06 1.041235041170929590e-06
2.588001534690733893e-03 1.684687940925873952e-06 1.076719234300258459e-06
2.588005247511021220e-03 2.297483631707436881e-06 1.082396335776881200e-06
2.588007170234870712e-03 1.111518317105538319e-06 1.006206224229311217e-06
2.588011242923711399e-03 2.394817322708725463e-06 9.741154696876582109e-07
2.588014973660201969e-03 1.407577932985396915e-06 1.088311721808403247e-06
2.588020363821798980e-03 1.714717625454010247e-06 1.348829946897469423e-06
2.588025006025119947e-03 1.793924487110952935e-06 1.320787675464550978e-06
2.588027286328739920e-03 1.452464887229973115e-06 1.054267415417935873e-06
2.588029874948803884e-03 2.237370766724750191e-06 8.416162515236177629e-07
2.588032798443950806e-03 7.713455267562012682e-07 9.813975497465912935e-07
2.588038291556399653e-03 2.047889642358789843e-06 1.275558304754584658e-06
2.588042483134707188e-03 1.306188984249696570e-06 1.167341775313368365e-06
2.588046562170065370e-03 1.907476275196535750e-06 9.514787519465177242e-07
2.588048410642963554e-03 1.762320820207783300e-06 8.212683440291209096e-07
2.588050559615163830e-03 1.148555583150471407e-06 1.119011109653321977e-06
2.588055997722647252e-03 1.949998821756120295e-06 1.286530713301977210e-06
2.588060310243029717e-03 9.246362019238634247e-07 1.013762565620131648e-06
2.588064742192754033e-03 2.121523842306583385e-06 7.954470310978354510e-07
2.588066781537445415e-03 1.196997970943209071e-06 8.318108169988505573e-07
2.588069952842034574e-03 1.715777929938788672e-06 1.049290587442874041e-06
2.588074225267584204e-03 1.536358110464042448e-06 1.040889742616632907e-06
2.588078498722913394e-03 1.218010164820611923e-06 8.785048478953974085e-07
2.588082452248584298e-03 1.962864856414269284e-06 8.959619310270888025e-07
2.588085087229114942e-03 6.437590005933869337e-07 1.110602166310741264e-06
2.588089295245480856e-03 1.788504760623241776e-06 1.229105889465311715e-06
2.588092412015715119e-03 9.083412236453153155e-07 9.699166126232294100e-07
2.588097260961611835e-03 1.752863052299391413e-06 7.537347587647174001e-07
2.588101295347072957e-03 1.579366901480286708e-06 7.548799165652574386e-07
2.588104249581195913e-03 1.096405998879232213e-06 9.600873866480313544e-07
2.588108460667252163e-03 1.652926452160417147e-06 1.134238159159678750e-06
2.588112132401287468e-03 6.115244114874122178e-07 1.024871388963495845e-06
2.588116720033414517e-03 1.910418160422848349e-06 9.137272610911362260e-07
2.588120422694558352e-03 8.526985302274683357e-07 9.699075007255621937e-07
2.588124591018506077e-03 1.466975931611758251e-06 1.091999687879581155e-06
2.588127401370406491e-03 1.337200658157607991e-06 9.717149349761615468e-07
2.588131877774924820e-03 1.313004189919885212e-06 7.630712301708203715e-07
2.588137569994253956e-03 1.862756929824711633e-06 7.394942759572726534e-07
2.588141023166006839e-03 8.248689668977201484e-07 8.430444412498999981e-07
2.588144506877030921e-03 1.715502919807001564e-06 1.041232925976778896e-06
2.588147707608956950e-03 8.145951825975200114e-07 9.197307047666092372e-07
2.588152364697707611e-03 1.637459719254971832e-06 7.777451655965592929e-07
2.588156780663638211e-03 1.341717456564703111e-06 8.600648487167835232e-07
2.588161540893260150e-03 9.643752947244479957e-07 1.125223879879128457e-06
2.588165880132852360e-03 1.476626079823550255e-06 1.178828738132531119e-06
2.588168496818450594e-03 6.717078989105752637e-07 8.884411148050367339e-07
2.588172044856887431e-03 1.778147430119633523e-06 7.548177029801218417e-07
2.588176278511082878e-03 8.426352386863717787e-07 8.327226150895380177e-07
2.588181251819171146e-03 1.475749029574509613e-06 1.005288010920686755e-06
2.588185396941982980e-03 1.182281268488778367e-06 9.328514106558038491e-07
2.588189365899710558e-03 1.213171053915964712e-06 7.174259835654855741e-07
2.588193739966626519e-03 1.632406357878997334e-06 7.208539158216367423e-07
2.588197028338795700e-03 6.629849102010947752e-07 8.816627869914627217e-07
2.588202213563805913e-03 1.548641913321420185e-06 1.036058946855923474e-06
2.588206119494134653e-03 7.008082579749340921e-07 8.647047090346964708e-07
2.588210184062654518e-03 1.565729103004598655e-06 6.934085669352463989e-07
2.588214055502598750e-03 1.194538414596385488e-06 7.560760502806736806e-07
2.588218789800071033e-03 1.004127090998096043e-06 9.333626384064983394e-07
2.588223592777219844e-03 1.331918588070260739e-06 1.030598554427234709e-06
2.588227485194059211e-03 6.631300604135009861e-07 8.258069333970089475e-07
2.588232432121301621e-03 1.633233989812777067e-06 7.316598351503164905e-07
2.588236567359572353e-03 6.341326374790637409e-07 8.252027106122475253e-07
2.588241482644241219e-03 1.330322386164311994e-06 9.602351028019862476e-07
2.588245833319878682e-03 9.621578754590025503e-07 9.016092557834675539e-07
2.588250519408192077e-03 1.150335982040916243e-06 6.902995432981818725e-07
2.588255382569195750e-03 1.447414892767576307e-06 7.033856319794392128e-07
