-9.275537848442002723e+04
-9.276065815054609266e+04
-9.276050950594154710e+04
-9.276037781493223156e+04
-9.276239998688353808e+04
-9.276192388565299916e+04
-9.276185817628106452e+04
-9.276179570468186284e+04
-9.276170029349003744e+04
-9.276160619575086457e+04
-9.276151619482369279e+04
-9.276142262466149987e+04
-9.276132950021106808e+04
-9.276123372377478518e+04
-9.276115156411801581e+04
-9.276108923079648230e+04
-9.276102081763940805e+04
-9.276094822010672942e+04
-9.276089869681176788e+04
-9.276085497633629711e+04
-9.276079347770173626e+04
-9.276072172295583005e+04
-9.276063035113758815e+04
-9.276054508238504059e+04
-9.276046933727209398e+04
-9.276040332504049002e+04
-9.276034758523813798e+04
-9.276030621017375961e+04
-9.276026504401628335e+04
-9.276020919344201684e+04
-9.276015282829880016e+04
-9.276009982939690235e+04
-9.276003732848512300e+04
-9.275997057409962872e+04
-9.275990686393233773e+04
-9.275985109530828777e+04
-9.275979883454162336e+04
-9.275974840144792688e+04
-9.275970433541978127e+04
-9.275966688522478216e+04
-9.275962954590917798e+04
-9.275958597082749475e+04
-9.275953995735944773e+04
-9.275949895894905785e+04
-9.275945668252844189e+04
-9.275941136513564561e+04
-9.275936912829207722e+04
-9.275933543849224225e+04
-9.275930518614944594e+04
-9.275927267207199475e+04
-9.275924291352617729e+04
-9.275921481331660470e+04
-9.275918237759993644e+04
-9.275914504762292199e+04
-9.275910757527276292e+04
-9.275907327221706510e+04
-9.275904411400266690e+04
-9.275901417515553476e+04
-9.275898466274926614e+04
-9.275896090424926660e+04
-9.275894037700274203e+04
-9.275891576608530886e+04
-9.275888937497961160e+04
-9.275886598472649348e+04
-9.275884190028128796e+04
-9.275881452317963704e+04
-9.275878795692558924e+04
-9.275876304979625274e+04
-9.275874196278836462e+04
-9.275872085250230157e+04
-9.275869899529727991e+04
-9.275867980804434046e+04
-9.275866385028425429e+04
-9.275864498529043340e+04
-9.275862352457040106e+04
-9.275860347568565339e+04
-9.275858447341881401e+04
-9.275856460125719605e+04
-9.275854552007719758e+04
-9.275852837096682924e+04
-9.275851294432574650e+04
-9.275849788978855941e+04
-9.275848220155561285e+04
-9.275846680757768627e+04
-9.275845305835179170e+04
-9.275843780989812512e+04
-9.275842184882961737e+04
-9.275840744217946485e+04
-9.275839462939623627e+04
-9.275838035916864465e+04
-9.275836485826050921e+04
-9.275835131826910947e+04
-9.275833955502127355e+04
-9.275832758200766693e+04
-9.275831543757497275e+04
-9.275830407012713840e+04
-9.275829357665263524e+04
-9.275828284770410392e+04
-9.275827079710167891e+04
-9.275825874367888900e+04
-9.275824863171705510e+04
-9.275823873519295012e+04
-9.275822799988690531e+04
-9.275821788165673206e+04
-9.275820963892852888e+04
-9.275820110495408881e+04
-9.275819159700861201e+04
-9.275818234025877609e+04
-9.275817323089562706e+04
-9.275816446464860928e+04
-9.275815545184166695e+04
-9.275814655324310297e+04
-9.275813865870848531e+04
-9.275813186406520254e+04
-9.275812493729550624e+04
-9.275811790180433309e+04
-9.275811148352181772e+04
-9.275810475196826155e+04
-9.275809706945542712e+04
-9.275808956378430594e+04
-9.275808259548737260e+04
-9.275807586744429136e+04
-9.275806926869772724e+04
-9.275806322850106517e+04
-9.275805778643253143e+04
-9.275805287510837661e+04
-9.275804738798634207e+04
-9.275804162673147221e+04
-9.275803610520607617e+04
-9.275803091600355401e+04
-9.275802506862358132e+04
-9.275801933823111176e+04
-9.275801497767794353e+04
-9.275801123480196111e+04
-9.275800740657268034e+04
-9.275800351226949715e+04
-9.275799963619961636e+04
-9.275799595502486045e+04
-9.275799185261984530e+04
-9.275798735712733469e+04
-9.275798239702399587e+04
-9.275797754111500399e+04
-9.275797256931835727e+04
-9.275796715414646314e+04
-9.275796183972597646e+04
-9.275795686090085655e+04
-9.275795160660188412e+04
-9.275794629017122497e+04
-9.275794128196967358e+04
-9.275793660317650938e+04
-9.275793209329247475e+04
-9.275792762670929369e+04
-9.275792321712622652e+04
-9.275791889921210532e+04
-9.275791454279779282e+04
-9.275790992271718278e+04
-9.275790529814043839e+04
-9.275790102987282444e+04
-9.275789666534072603e+04
-9.275789242032147013e+04
-9.275788859630575462e+04
-9.275788493410013325e+04
-9.275788111992253107e+04
-9.275787711920568836e+04
-9.275787310592224821e+04
-9.275786911221512128e+04
-9.275786519988001965e+04
-9.275786129625132889e+04
-9.275785767293156823e+04
-9.275785447359747195e+04
-9.275785129654506454e+04
-9.275784779066115152e+04
-9.275784421526441292e+04
-9.275784076862187067e+04
-9.275783714057801990e+04
-9.275783343141808291e+04
-9.275782990340200195e+04
-9.275782671457783727e+04
-9.275782377100146550e+04
-9.275782089066928893e+04
-9.275781791347281251e+04
-9.275781487497252238e+04
-9.275781190294119006e+04
-9.275780862987798173e+04
-9.275780526395572815e+04
-9.275780207616716507e+04
-9.275779906178610690e+04
-9.275779617863235762e+04
-9.275779348366853083e+04
-9.275779083763978269e+04
-9.275778816536093655e+04
-9.275778536978688498e+04
-9.275778245066598174e+04
-9.275777948708698386e+04
-9.275777663135706098e+04
-9.275777387236390496e+04
-9.275777120593073778e+04
-9.275776873881772917e+04
-9.275776632051073830e+04
-9.275776374018938805e+04
