-5.405613711779785156e+08
-5.476111195493286848e+08
-5.484962271464527845e+08
-5.481004804504946470e+08
-5.483900340269570351e+08
-5.474458090194009542e+08
-5.631694417636791468e+08
-5.612860546540044546e+08
-5.720029142008194923e+08
-5.664066741031739712e+08
-5.816406833393431902e+08
-5.708034282060074806e+08
-5.800278646210203171e+08
-5.914976512168264389e+08
-6.024018525976654291e+08
-6.149380508037701845e+08
-6.139983911056897640e+08
-6.120823065782407522e+08
-6.283167629947919846e+08
-6.148944176421316862e+08
-6.174395551477938890e+08
-6.180334926731394529e+08
-6.166510905768773556e+08
-6.482154532568964958e+08
-6.335028065050463676e+08
-6.302786962213859558e+08
-6.875183889676427841e+08
-7.091822988220018148e+08
-7.584095685149558783e+08
-6.781166290332828760e+08
-6.575344155101169348e+08
-6.566422876257547140e+08
-6.642160199527605772e+08
-6.689399361420714855e+08
-7.083273512499296665e+08
-6.993387384536927938e+08
-6.926443366228399277e+08
-6.747634163552827835e+08
-7.190949163296885490e+08
-8.101042601603516340e+08
-7.943835591618397236e+08
-7.464452059855039120e+08
-6.840617041379239559e+08
-6.601608106537060738e+08
-7.480564713464697599e+08
-7.864545261528042555e+08
-8.512597187615578175e+08
-7.169989219345918894e+08
-7.957877659897027016e+08
-7.789481558939566612e+08
-8.544987494579510689e+08
-8.148206148108950853e+08
-8.105002931191176176e+08
-7.950494720138864517e+08
-7.801595690168246031e+08
-7.621132399777905941e+08
-8.278500080933276415e+08
-7.726426249472395182e+08
-7.095779602071549892e+08
-7.172541880267268419e+08
-7.504074675572860241e+08
-7.252101990876394510e+08
-7.839910828403255939e+08
-7.612448472743955851e+08
-7.862295955583738089e+08
-7.922111773185459375e+08
-8.251771685061726570e+08
-7.951602696172251701e+08
-8.721813161653479338e+08
-9.029760616711661816e+08
-8.463326115094336271e+08
-8.407362521316597462e+08
-8.044364643678153753e+08
-8.742087390092713833e+08
-8.995497098106667995e+08
-9.070613299500068426e+08
-9.789303648800927401e+08
-8.190568765698895454e+08
-8.284703410285238028e+08
-9.879869919045457840e+08
-7.671498713255774975e+08
-8.544463588553357124e+08
-7.623151689843472242e+08
-7.807925716436343193e+08
-8.225447469031933546e+08
-7.969716297179234028e+08
-8.722403287377983332e+08
-8.129160655189015865e+08
-8.725753661311316490e+08
-8.316179437312048674e+08
-7.855245575005267859e+08
-8.750699722943491936e+08
-8.517664662666181326e+08
-8.535807875526809692e+08
-8.258072896736910343e+08
-9.567854437709751129e+08
-8.295637561188211441e+08
-1.005907922005975366e+09
-9.180001070963355303e+08
-8.139608295007616282e+08
-8.488102107053070068e+08
-8.112494532853698730e+08
-7.962569221639837027e+08
-8.795538891427079439e+08
-9.263184128970292807e+08
-8.727574844520906210e+08
-8.258342710314311981e+08
-8.496491261852705479e+08
-8.992236854231227636e+08
-8.437448494373304844e+08
-9.418346525094721317e+08
-8.420336128479005098e+08
-8.613289831661303043e+08
-8.723284960924282074e+08
-8.855462027774693966e+08
-9.005392368573441505e+08
-8.830150584804207087e+08
-8.180674440166195631e+08
-8.803808224636790752e+08
-8.650868297428523302e+08
-8.402010431696097851e+08
-8.269049467255729437e+08
-8.366908354742991924e+08
-9.187977428432021141e+08
-8.497585516090972424e+08
-9.148302086136833429e+08
-8.304820187122669220e+08
-8.285860574450263977e+08
-8.414468837325364351e+08
-9.004279070836311579e+08
-8.801121374176421165e+08
-8.875884959299843311e+08
-9.120836638149111271e+08
-9.482327841638138294e+08
-9.588832655722389221e+08
-8.642546332090147734e+08
-8.534490649651894569e+08
-9.144428303973664045e+08
-8.433704069676702023e+08
-8.395471365368430614e+08
-9.083489597473633289e+08
-9.709605488846342564e+08
-1.114503813241042376e+09
-8.554010462967716455e+08
-8.582911625989612341e+08
-8.599277819694395065e+08
-8.821048552605915070e+08
-9.442562395739374161e+08
-8.906664030958815813e+08
-8.909244477410986423e+08
-9.183314181899245977e+08
-8.737460662342733145e+08
-8.859657938641703129e+08
-8.656825144348714352e+08
-8.649832881347581148e+08
-8.668390221272462606e+08
-8.702995904243766069e+08
-9.250555861439424753e+08
-1.011860408389665604e+09
-9.220374343212720156e+08
-9.163286538945794106e+08
-9.507256316427279711e+08
-8.995598439427911043e+08
-8.914659838260996342e+08
-8.998611508040186167e+08
-1.033097273637125492e+09
-9.288844785577802658e+08
-9.684205515174255371e+08
-9.884282530688151121e+08
-9.236867587455087900e+08
-9.507884956273330450e+08
-8.989701897786817551e+08
-9.598096942356860638e+08
-9.347659429455505610e+08
-9.689747638301008940e+08
-1.039654468009770274e+09
-9.720700416151696444e+08
-1.062369184031220913e+09
-9.790393323248633146e+08
-9.919936455138264894e+08
-9.373055734475735426e+08
-9.952982204234862328e+08
-9.196556297726718187e+08
-1.011292080095240712e+09
-1.167426400786650181e+09
-1.098144243800715208e+09
-1.081929805516724348e+09
-9.607411249164848328e+08
-9.260979038672287464e+08
-1.090418334852797985e+09
-9.464521182300006151e+08
-1.033451480522869825e+09
-1.095714877693054914e+09
-1.127778764992820501e+09
-1.121825865535493135e+09
-1.113147037122577429e+09
-9.397777986748158932e+08
-1.000660001012061238e+09
-1.106468460419115305e+09
-1.228481846011626720e+09
