2.546779711720887462e+02
2.952465008645734770e+02
1.382520991298883700e+03
3.247694010485983199e+03
4.468936989061970962e+03
5.305531592312751854e+03
5.833911187211827382e+03
6.432606629860139947e+03
6.787345621627204309e+03
7.241413862085501933e+03
7.616694778739977664e+03
7.890646582215910712e+03
8.206658823276433395e+03
8.458710566122637829e+03
8.658830581545324094e+03
8.791911829054528425e+03
8.907184457770921654e+03
8.963486767069442067e+03
8.961346581067382431e+03
8.948056887419859777e+03
9.004455328623480455e+03
9.042127037172365817e+03
8.970906434551707207e+03
8.887696502472208522e+03
8.816199388799626831e+03
8.785290490382983990e+03
8.821865369694813126e+03
8.786635718879480919e+03
8.721593408458302292e+03
8.682449749491386683e+03
8.656846122488876063e+03
8.616408040012356651e+03
8.588922913025171511e+03
8.532916261748863690e+03
8.493493324841314461e+03
8.407088035164184475e+03
8.352875860267897224e+03
8.303274959007534562e+03
8.242882307681064049e+03
8.190772346137599015e+03
8.132491337208005461e+03
8.080513779906904347e+03
8.005524308196258062e+03
7.968637265821386791e+03
7.931000568248858144e+03
7.880991266277103932e+03
7.818190198717524254e+03
7.767687501966432137e+03
7.685272418573121286e+03
7.571356297939355500e+03
7.456427469170315817e+03
7.366587075441368142e+03
7.313829052826410589e+03
7.319973061819869145e+03
7.339035016115024519e+03
