2.546779711720888008e+04
2.585214207204393097e+04
2.586743230655846128e+04
2.588391803259876542e+04
2.590168668822880136e+04
2.592091836613474879e+04
2.594365693593588003e+04
2.598503917486177670e+04
2.598630273278075765e+04
2.598628898470209970e+04
2.598627721443865084e+04
2.598626316327344102e+04
2.598624896597126281e+04
2.598623658341342161e+04
2.598622553921225335e+04
2.598621493068224663e+04
2.598620547679264564e+04
2.598619634792102443e+04
2.598618985761869044e+04
2.598618121145835175e+04
2.598617286953083749e+04
2.598616337094164919e+04
2.598615379460465192e+04
2.598614385937426050e+04
2.598613534226412230e+04
2.598612800875293397e+04
2.598612198220452046e+04
2.598611734820114361e+04
2.598611197355220065e+04
2.598610754261819602e+04
2.598610238998622663e+04
2.598609611490381576e+04
2.598608847662062908e+04
2.598608137839872143e+04
2.598607593911136792e+04
2.598606892793424049e+04
2.598606307636386191e+04
2.598605828515098256e+04
2.598605434458589298e+04
2.598605114745746687e+04
2.598604679154352561e+04
2.598604312039026627e+04
2.598603935962730975e+04
2.598603471730274759e+04
2.598603031939271023e+04
2.598602709343066817e+04
2.598602320291229262e+04
2.598601846148516415e+04
2.598601468772993394e+04
2.598601212037583173e+04
2.598601031022304960e+04
2.598600741729547735e+04
2.598600426153770968e+04
2.598600026523776614e+04
2.598599811111227609e+04
2.598599467602004734e+04
2.598599125644031301e+04
2.598598890761678194e+04
2.598598627574028433e+04
2.598598362688651832e+04
2.598598189356823059e+04
2.598598040054512967e+04
2.598597895653237356e+04
2.598597628837169032e+04
2.598597349759570352e+04
2.598597194320269045e+04
2.598597033803410159e+04
2.598596773136530101e+04
2.598596497863077821e+04
2.598596344651068284e+04
2.598596231604535569e+04
2.598596039981171998e+04
2.598595929652283667e+04
2.598595772170423152e+04
2.598595624645913631e+04
2.598595491378321458e+04
2.598595319853122055e+04
2.598595186493756046e+04
2.598595047243727458e+04
2.598594857995129496e+04
2.598594737497982715e+04
2.598594680524622163e+04
2.598594624139138614e+04
2.598594487538306566e+04
2.598594320466926729e+04
2.598594182801353236e+04
2.598594158759013953e+04
2.598594051636650329e+04
2.598593916944861849e+04
2.598593807848930010e+04
2.598593716040099389e+04
2.598593637052088889e+04
2.598593567799826997e+04
2.598593516049151367e+04
2.598593454456461041e+04
2.598593337360192527e+04
2.598593237269515885e+04
2.598593216178606599e+04
2.598593188099021427e+04
2.598593086332528765e+04
2.598592983775687026e+04
2.598592942313393723e+04
2.598592893170736352e+04
2.598592845132130606e+04
2.598592771640004503e+04
2.598592729690801207e+04
2.598592690183661762e+04
2.598592654685920570e+04
2.598592604640340141e+04
2.598592566165070821e+04
2.598592529884089527e+04
2.598592471029484295e+04
2.598592412518660058e+04
2.598592409935101750e+04
2.598592386294177049e+04
2.598592338022554395e+04
2.598592288256522443e+04
2.598592278929603708e+04
2.598592269619259969e+04
2.598592254587163916e+04
2.598592209564881341e+04
2.598592169464409017e+04
2.598592138301692466e+04
2.598592120273118417e+04
2.598592099424359185e+04
2.598592104147030477e+04
2.598592083346833533e+04
2.598592055153392357e+04
2.598592037930045626e+04
2.598592050928065873e+04
2.598592050659421511e+04
2.598592035236353331e+04
2.598591991724269610e+04
2.598591963875143119e+04
2.598591969354722096e+04
2.598591973455702100e+04
2.598591952583948296e+04
2.598591947612381773e+04
2.598591954748952048e+04
2.598591949097844918e+04
2.598591945078759454e+04
2.598591955760183919e+04
2.598591947839395289e+04
2.598591922419466937e+04
2.598591908711563883e+04
2.598591922256897305e+04
2.598591948682840302e+04
2.598591943628154695e+04
2.598591923716483871e+04
2.598591921099009414e+04
2.598591936917998100e+04
2.598591943917919707e+04
2.598591939984006603e+04
2.598591936776931107e+04
2.598591935606488551e+04
2.598591950468867435e+04
2.598591966575493279e+04
2.598591973153855361e+04
2.598591981677988952e+04
2.598591983343132597e+04
2.598591979713878391e+04
2.598591991112849064e+04
2.598592005090475141e+04
2.598592010214945185e+04
2.598592018021720287e+04
2.598592032859715255e+04
2.598592046667734758e+04
2.598592057953578478e+04
2.598592067464871070e+04
2.598592060820978077e+04
2.598592073728119794e+04
2.598592095790062740e+04
2.598592107765594119e+04
2.598592109195571902e+04
2.598592120591804633e+04
2.598592140039469086e+04
2.598592151624764301e+04
2.598592167840995535e+04
2.598592181797316152e+04
2.598592181455854006e+04
2.598592175885354663e+04
2.598592191390561129e+04
2.598592210813213751e+04
2.598592226636262785e+04
2.598592238991265913e+04
2.598592250407195388e+04
2.598592253462626104e+04
2.598592272139228589e+04
2.598592286485312434e+04
2.598592290539170790e+04
2.598592298907957593e+04
2.598592314473547594e+04
2.598592332040696783e+04
2.598592341851835590e+04
2.598592361635537236e+04
2.598592376076960500e+04
2.598592388070344896e+04
2.598592397626189631e+04
2.598592409953489550e+04
2.598592424870431205e+04
