-5.405613711779785156e+08
-5.529867497748768330e+08
-5.537697089494649172e+08
-5.517827481303361654e+08
-5.508551438407322168e+08
-5.491089820141477585e+08
-5.503684878081623316e+08
-5.504812995349367857e+08
-5.517694274790548086e+08
-5.525592166786745787e+08
-5.543628775147229433e+08
-5.547480577937082052e+08
-5.561004258123776913e+08
-5.572696438728421926e+08
-5.592828810386972427e+08
-5.600134743593503237e+08
-5.611634310316390991e+08
-5.628001838044508696e+08
-5.643035606319963932e+08
-5.655674442789362669e+08
-5.668205601756731272e+08
-5.680343172073771954e+08
-5.700058698444222212e+08
-5.713248618753969669e+08
-5.724664496440615654e+08
-5.736559309895900488e+08
-5.754726045284824371e+08
-5.778137985768778324e+08
-5.878768867926501036e+08
-5.818804434346599579e+08
-5.836165974498291016e+08
-5.851948450377138853e+08
-5.867940468332625628e+08
-5.884816610236376524e+08
-5.903813583949720860e+08
-5.939503576120486259e+08
-5.938137089737149477e+08
-5.950929866029525995e+08
-5.962837324371472597e+08
-5.975572310358059406e+08
-5.990041607555578947e+08
-6.007560816850324869e+08
-6.025037689950330257e+08
-6.038323210523912907e+08
-6.055633851233509779e+08
-6.070651693616088629e+08
-6.087035722760869265e+08
-6.100860488794488907e+08
-6.114278048958488703e+08
-6.131562893731931448e+08
-6.150153820447295904e+08
-6.166239566782230139e+08
-6.180943916268953085e+08
-6.194551533843930960e+08
-6.208835287179887295e+08
