0.000000000000000000e+00
1.388176171656472883e-02
2.770338988246023176e-02
4.156766321851693147e-02
5.542070013350591795e-02
6.927371420251400569e-02
8.314219872755036767e-02
9.699371403116247015e-02
1.108110210268073853e-01
1.246553941301638407e-01
1.385429382194351966e-01
1.523893632554017274e-01
1.662337416799084255e-01
1.800883960096290315e-01
1.939081910583587975e-01
2.077681844830459590e-01
2.216259803409590667e-01
2.354904226381349386e-01
2.493142851468221899e-01
2.631850561663448551e-01
2.770068734910603458e-01
2.908930630142474993e-01
3.047152902131093910e-01
3.185864574519368664e-01
3.324148757117765252e-01
3.462623076312505432e-01
3.601197857025798532e-01
3.739992913966735943e-01
3.878321685432051802e-01
4.016606754510527177e-01
4.155288621126115300e-01
4.293698838282934416e-01
4.432112695262011570e-01
4.570981301590388290e-01
4.709361636835916465e-01
4.847886388678320779e-01
4.986432570401798658e-01
5.124938716373795833e-01
5.263448707632812917e-01
5.401971095476399976e-01
5.540516098446768289e-01
5.678616377843670460e-01
5.817167931037163786e-01
5.955727994388796409e-01
6.094287514218458268e-01
6.232855853575451910e-01
6.371447301461293788e-01
6.510026642468069724e-01
6.648194719434555866e-01
6.786808943446094311e-01
6.925427318982091407e-01
7.064038673293107085e-01
7.202202802847933460e-01
7.340791153419895521e-01
7.479375326496079390e-01
