0.000000000000000000e+00
1.388145249915937948e-02
2.771523315705039237e-02
4.157029551078963991e-02
5.543154307227841221e-02
6.925512427184057906e-02
8.312981474511596525e-02
9.697197166854544526e-02
1.108026216330822017e-01
1.246549005717234038e-01
1.385262595509541561e-01
1.523626004061667816e-01
1.662108622549385850e-01
1.800865684626711816e-01
1.939216711788522840e-01
2.077577373593096632e-01
2.216150410022790229e-01
2.354726243457702650e-01
2.493067233127573279e-01
2.631583017257012047e-01
2.770449805019030709e-01
2.908593409915686823e-01
3.047099537075420583e-01
3.185693286518835321e-01
3.324333003637111594e-01
3.462954665477109284e-01
3.601149162660510217e-01
3.739816942558200075e-01
3.878092965992065433e-01
4.016780541802879023e-01
4.155318989964782994e-01
4.293861110042704876e-01
4.432089250426549110e-01
4.570599698975301717e-01
4.709271637265702859e-01
4.847778802091580741e-01
4.986258036912056824e-01
5.124660702144860913e-01
5.263129119118068466e-01
5.401968627683445545e-01
5.540208928616334738e-01
5.678678120541695851e-01
5.817345635143318372e-01
5.955888232782454716e-01
6.094181458056120437e-01
6.232905044545101747e-01
6.371443856954459584e-01
6.510003840093691041e-01
6.648242599215207216e-01
6.786992763689967401e-01
6.925120791802249487e-01
7.063658236733468820e-01
7.202421923507733581e-01
7.340750784438506704e-01
7.479473383780894657e-01
7.617953788473327270e-01
7.756189022161799063e-01
7.894676025044664591e-01
8.033353198112042071e-01
8.171762031273331894e-01
8.310168705355599483e-01
8.448754326947582882e-01
8.587317379323030631e-01
8.725981380282600286e-01
8.864391394283829273e-01
9.002887317473764472e-01
9.141508624552239226e-01
9.279695572720784158e-01
9.418401255182058396e-01
9.556904221625733831e-01
9.695311364233083484e-01
9.833870300614517834e-01
9.972314197281447745e-01
1.011096526708852084e+00
1.024943282673604683e+00
1.038776573047262231e+00
1.052640860717793059e+00
1.066502638832024452e+00
1.080344821454729543e+00
1.094170773565434240e+00
1.108020342731486751e+00
1.121905851317533287e+00
1.135760701476993928e+00
1.149596401305025939e+00
1.163452083838129480e+00
1.177270620210467911e+00
1.191128671272315254e+00
1.204997765742189531e+00
1.218844615720098945e+00
1.232696308396312057e+00
1.246527160219517816e+00
1.260371944137214317e+00
1.274255388641863274e+00
1.288073120994142284e+00
1.301927311938335441e+00
1.315800934110167741e+00
1.329627273498627194e+00
1.343483271009209501e+00
1.357341614917377814e+00
1.371186524653343231e+00
1.385030566551983977e+00
1.398900659179472372e+00
1.412744225033851997e+00
1.426589012519064781e+00
1.440448624183412019e+00
1.454282309025078490e+00
1.468144004553296522e+00
1.481977207576578470e+00
1.495851494965727779e+00
1.509680819363459880e+00
1.523554495926366936e+00
1.537392158405551656e+00
1.551238150433589258e+00
1.565092298813200999e+00
1.578944164369313841e+00
1.592800056724772428e+00
1.606649004680254622e+00
1.620505173417793543e+00
1.634365798659130009e+00
1.648180541815408517e+00
1.662053571143778496e+00
1.675894343186131508e+00
1.689750362104499359e+00
1.703604165737278908e+00
1.717436512529990633e+00
1.731312442236082827e+00
1.745130594057072493e+00
1.758995138782081247e+00
1.772865333065999138e+00
1.786684108582088593e+00
1.800550074431488179e+00
1.814397113488063207e+00
1.828232772436825249e+00
1.842102378653073913e+00
1.855966495846263831e+00
1.869818824110432542e+00
1.883642180204530003e+00
1.897486058975439205e+00
1.911357733659882152e+00
1.925195662000666941e+00
1.939050447201730920e+00
1.952899176753281729e+00
1.966759604017209062e+00
1.980590057187797681e+00
1.994441641808089249e+00
2.008312512579526032e+00
2.022158353178268086e+00
2.036024494070704183e+00
2.049855344717101513e+00
2.063686035395618124e+00
2.077548295979466886e+00
2.091410857924104860e+00
2.105245843043289877e+00
2.119099573063120800e+00
2.132945123805909393e+00
2.146822480581713766e+00
2.160671432005130121e+00
2.174516357172002312e+00
2.188375298781645828e+00
2.202222711575049008e+00
2.216039856115956663e+00
2.229912618597108320e+00
2.243764008596726534e+00
2.257613099705744197e+00
2.271446951750315524e+00
2.285306247121420498e+00
2.299155773527072455e+00
2.313006702997285835e+00
2.326867710445731152e+00
2.340718005207410357e+00
2.354546093667064355e+00
2.368410928822196837e+00
2.382264867925588891e+00
2.396110140096269436e+00
2.409969789065795176e+00
2.423808249543099258e+00
2.437669834719982553e+00
2.451519462100221869e+00
2.465372598945621441e+00
2.479214542885661121e+00
2.493051846279487282e+00
2.506923423839434673e+00
2.520763581863123548e+00
2.534619096388362802e+00
2.548462986472652236e+00
2.562316356864687616e+00
2.576152506331563785e+00
2.590012569806708687e+00
2.603847935317987972e+00
2.617699509312134243e+00
2.631577094483749768e+00
2.645428390113820694e+00
2.659245966208986012e+00
2.673107635675404659e+00
2.686953485081371440e+00
2.700806871679173327e+00
2.714649259224190647e+00
2.728516037062443722e+00
2.742362733796395169e+00
2.756231531371748478e+00
