0.000000000000000000e+00
1.387009799307762498e-02
2.773659787006139618e-02
4.158123688484218622e-02
5.543224093014398335e-02
6.929013889454940789e-02
8.311916630523834282e-02
9.695974798206899448e-02
1.108386018720669414e-01
1.246932523149454075e-01
1.385237148905320015e-01
1.523862100113778650e-01
1.662065011530987346e-01
1.800639804650330245e-01
1.939117005033300645e-01
2.077687809315121314e-01
2.216335749251252263e-01
2.354764447889456935e-01
2.493092894004297622e-01
2.631883004343194554e-01
2.770141576754808210e-01
2.908778647414345109e-01
3.047123245478968734e-01
3.185728417853307404e-01
3.324268216466711445e-01
3.462794547434333570e-01
3.601289787916341356e-01
3.739623158425063876e-01
3.878088853206116959e-01
4.016863304360241416e-01
4.155208242432654187e-01
4.293801430451769652e-01
4.432091270170237518e-01
4.570669862295408947e-01
4.709157784987300643e-01
4.847608478308076951e-01
4.986270684199144987e-01
5.124940061856041451e-01
5.263451190800219059e-01
5.401881962008805438e-01
5.540323075764721494e-01
5.678927971634076810e-01
5.817254960625192206e-01
5.955697201370908633e-01
6.094255535005017599e-01
6.232611880477811894e-01
6.371279235507079086e-01
6.509994377098372587e-01
6.648419786991596192e-01
6.786761188037172543e-01
6.925260932230190569e-01
7.063766437902011530e-01
7.202259782757161055e-01
7.340837686096932657e-01
7.479388171914884698e-01
7.617898328604106872e-01
7.756193519346081811e-01
7.894838343421654026e-01
8.033405071395417485e-01
8.171902745426874448e-01
8.310448792827160869e-01
8.448843680883335594e-01
8.587221854669981891e-01
8.725909227546427838e-01
8.864376082949394497e-01
9.002709402872882682e-01
9.141281550662754274e-01
9.279698226230973512e-01
9.418413655963465692e-01
9.556815012231920647e-01
9.695432909107409847e-01
9.833890794042056127e-01
9.972488225859481581e-01
1.011089090667724122e+00
1.024934055107483921e+00
1.038793790717129850e+00
1.052633948651817031e+00
1.066480052997047956e+00
1.080342307058718365e+00
1.094196387550422145e+00
1.108054828614540188e+00
1.121884779353454320e+00
1.135742160475520901e+00
1.149572745372177573e+00
1.163436199501424184e+00
1.177305215851057296e+00
1.191121749786586026e+00
1.204994868748192394e+00
1.218829084786962058e+00
1.232675694179569126e+00
1.246557407052541366e+00
1.260379309173899509e+00
1.274244224530432401e+00
1.288101755650937319e+00
1.301951125060932135e+00
1.315779990517922382e+00
1.329660354910323194e+00
1.343476532038126559e+00
1.357355927200484480e+00
1.371190813536163899e+00
1.385032599471003989e+00
1.398912091086203624e+00
1.412749493252005717e+00
1.426606576887839539e+00
1.440433127771848953e+00
1.454306866391855024e+00
1.468162932379005525e+00
1.481988695806398582e+00
1.495848677513219371e+00
1.509683913755380802e+00
1.523555987821619828e+00
1.537382890768597798e+00
1.551245259647827890e+00
1.565094375845311747e+00
1.578960955132897359e+00
1.592791732747710132e+00
1.606651445060988559e+00
1.620512519151692477e+00
1.634332052739759344e+00
1.648191199422510911e+00
1.662056011278975509e+00
1.675902983905882326e+00
1.689757677861690732e+00
1.703589519571664601e+00
1.717434303682265684e+00
1.731313956836273205e+00
1.745153421871473265e+00
1.758994293415268917e+00
1.772834237563328807e+00
1.786699099969354165e+00
1.800538266895138850e+00
1.814392828621061993e+00
1.828264067792791714e+00
1.842114445600922190e+00
1.855964599316906494e+00
1.869798625716228013e+00
1.883646323034272374e+00
1.897492759617602109e+00
1.911361712270178259e+00
1.925222021710313980e+00
1.939039482874188591e+00
1.952906039858791409e+00
1.966738074154064542e+00
1.980591824930295619e+00
1.994453579830223200e+00
2.008309274394717292e+00
2.022157959059694310e+00
2.035988801842643081e+00
2.049857904041135548e+00
2.063702365708139919e+00
2.077545263332289505e+00
2.091418078712841133e+00
2.105259506011663007e+00
2.119093524180986954e+00
2.132965252168629089e+00
2.146790153215536012e+00
2.160644051023119960e+00
2.174500946255530476e+00
2.188364452042691699e+00
2.202211845202394436e+00
2.216065458535882993e+00
2.229920681938385663e+00
2.243770134585521436e+00
2.257600457112353798e+00
2.271450714459843478e+00
2.285318103152413904e+00
2.299159547023389649e+00
2.313020036084099562e+00
2.326855112831590411e+00
2.340712823533741549e+00
2.354553819054604258e+00
2.368394347519368281e+00
2.382246337828230143e+00
2.396114160268493887e+00
2.409971646469099227e+00
2.423821569641329887e+00
2.437670562479802960e+00
2.451516916250940259e+00
2.465360282376068746e+00
2.479230353571122425e+00
2.493048022507908357e+00
2.506927794316596625e+00
2.520758174920402883e+00
2.534621957772763778e+00
2.548463435797191146e+00
2.562315312604575013e+00
2.576151053768678700e+00
2.590031294385811478e+00
2.603871852184941993e+00
2.617726037355816437e+00
2.631579806180239789e+00
2.645424228843361814e+00
2.659260640277711918e+00
2.673112428755311409e+00
2.686978337352775359e+00
2.700805576746661885e+00
2.714665057464456410e+00
2.728533489096432341e+00
2.742378818114381556e+00
2.756205030933370104e+00
