0.000000000000000000e+00
1.385200659938369550e-02
2.770132828291778718e-02
4.155235924966705491e-02
5.540270295956816610e-02
6.925177274855570664e-02
8.310342872678902482e-02
9.695374973254050621e-02
1.108034804009467300e-01
1.246545581044044421e-01
1.385028768069626326e-01
1.523555309026637661e-01
1.662035280805628512e-01
1.800553375671227196e-01
1.939058894954293066e-01
2.077566507827377507e-01
2.216059591023938069e-01
2.354555017443364651e-01
2.493058758551144893e-01
2.631581454590006253e-01
2.770058170674442044e-01
2.908584962185736811e-01
3.047058986276753867e-01
3.185583712676532397e-01
3.324086516039652661e-01
3.462595460603848929e-01
3.601093033305285407e-01
3.739571793159282009e-01
3.878102742748806286e-01
4.016595774756248627e-01
4.155071825401937535e-01
4.293580169138300207e-01
4.432080783736307983e-01
4.570581146473144951e-01
4.709105960598762297e-01
4.847587646966155517e-01
4.986098377777652968e-01
5.124603791994205571e-01
5.263099271553303149e-01
5.401598468239675599e-01
5.540120581683867229e-01
5.678622988513234437e-01
5.817122592063935782e-01
5.955604459009872231e-01
6.094115025037774025e-01
6.232630543163344417e-01
6.371132621198501989e-01
6.509612850998706124e-01
6.648116388354737838e-01
6.786635217199875614e-01
6.925139382154658074e-01
7.063632106277846212e-01
7.202141176302946368e-01
7.340638318883555558e-01
7.479145519936352127e-01
7.617644036251799422e-01
7.756147371311600258e-01
7.894649577230157256e-01
8.033153359424717310e-01
8.171642653585076133e-01
8.310152661106134930e-01
8.448648570319183815e-01
8.587152751305957565e-01
8.725660671328334672e-01
8.864162576245032676e-01
9.002660082910145523e-01
9.141157577980585369e-01
9.279672173042359251e-01
9.418168236008802596e-01
9.556676088062910912e-01
9.695172091832642280e-01
9.833678855930716445e-01
9.972178298396726648e-01
1.011068055496921358e+00
1.024918552030370744e+00
1.038768017472898375e+00
1.052618958889357970e+00
1.066469227185028679e+00
1.080318722959305644e+00
1.094169336119918512e+00
1.108019451609065786e+00
1.121869607705033189e+00
1.135719960366714298e+00
1.149570364212342266e+00
1.163420561605789327e+00
1.177270378715728150e+00
1.191121005488086304e+00
