0.000000000000000000e+00
1.389164792779537527e-02
2.773148990971003799e-02
4.158854678339959227e-02
5.544000980116849109e-02
6.929274133273032044e-02
8.313619832730326231e-02
9.698219681778431911e-02
1.108043557969433379e-01
1.246924675920986908e-01
1.385386707262862560e-01
1.523767757254841926e-01
1.662371407728998884e-01
1.800620270988604610e-01
1.939257663334129633e-01
2.077637290004742676e-01
2.216353047204239479e-01
2.354660989476328459e-01
2.493289734459950835e-01
2.631595139858733945e-01
2.770347739175708091e-01
2.908793217157703004e-01
3.047342754581606195e-01
3.185819658467135551e-01
3.324179107639316788e-01
3.462829057638972530e-01
3.601158273412147226e-01
3.739881118840640006e-01
3.878191834423116990e-01
4.016829942528516995e-01
4.155178314061768186e-01
4.293662770655447547e-01
4.432343076660293923e-01
4.571000506776485839e-01
4.709227439712593832e-01
4.847857314386861405e-01
4.986391769186724887e-01
5.124840781804630430e-01
5.263518492160953466e-01
5.401626211601199268e-01
5.540169169799296078e-01
5.678999542608266227e-01
5.817423141333699643e-01
5.955957950346103535e-01
6.094167208710209449e-01
6.232720946990487620e-01
6.371272639857676889e-01
6.509795845695172112e-01
6.648117113645105603e-01
6.786962876477374840e-01
6.925446334772268342e-01
7.063862662701263506e-01
7.202348439161249116e-01
7.340698068831124079e-01
7.479239804880597475e-01
7.617689786740994284e-01
7.756252739938012120e-01
7.895017593222996011e-01
8.033205531006745170e-01
8.171990901156941378e-01
8.310144598429743956e-01
8.448729449784221357e-01
8.587387519051512541e-01
8.725709222043499524e-01
8.864575476419369604e-01
9.002841385295183851e-01
9.141451350563898348e-01
9.279999254871145187e-01
9.418287422862001712e-01
9.556844882570771915e-01
9.695262190683568981e-01
9.833893758830477561e-01
9.972204170899752196e-01
1.011072806454141881e+00
1.024951845921340032e+00
1.038769370968904315e+00
1.052659371221148721e+00
1.066483035217862030e+00
1.080356650261129037e+00
1.094185868471638123e+00
1.108028565480308369e+00
1.121911185580447334e+00
1.135725461256351876e+00
1.149575499553961544e+00
1.163422823216433422e+00
1.177306054325814699e+00
1.191151061423215474e+00
1.204991052669091456e+00
1.218856128006747142e+00
1.232702335188057718e+00
1.246558854569697505e+00
1.260413409693865283e+00
1.274259846267868257e+00
1.288074858761478980e+00
1.301926153307988665e+00
1.315781083774173466e+00
1.329658462705245014e+00
1.343475995762956288e+00
1.357345161446411819e+00
1.371182883271824471e+00
1.385054883852434582e+00
1.398904539260175328e+00
1.412731836515406236e+00
1.426583399415971787e+00
1.440425993713041697e+00
1.454312226612818337e+00
1.468150426142792231e+00
1.481984832985801637e+00
1.495833419195835789e+00
1.509702077262855768e+00
1.523546840116395185e+00
1.537408429491275541e+00
1.551237957098898113e+00
1.565080346692171220e+00
1.578957453396598654e+00
1.592781189322690638e+00
1.606655873913440224e+00
1.620482810678638197e+00
1.634332620463716523e+00
1.648219393757266449e+00
1.662069051707109058e+00
1.675907309075559848e+00
1.689744363525324422e+00
1.703612953357435345e+00
1.717439113962355712e+00
1.731292826880488356e+00
1.745141361630302423e+00
1.758986322132360280e+00
1.772833486178677420e+00
1.786692557393866565e+00
1.800554566016200120e+00
1.814424238767395003e+00
1.828270700715885377e+00
1.842104634102774252e+00
1.855943546477519135e+00
1.869784463560067778e+00
1.883660705712643768e+00
1.897488830535174031e+00
1.911337353603485223e+00
1.925192535137977723e+00
1.939051636708695181e+00
1.952901776278447077e+00
1.966745559814058408e+00
1.980624473834067034e+00
1.994437614265982095e+00
2.008293717381041787e+00
2.022174195969297372e+00
2.036005256063719404e+00
2.049860403914018470e+00
2.063722575948794713e+00
2.077570647164850737e+00
2.091418035479841286e+00
2.105260129527542823e+00
2.119105382368562829e+00
2.132976121529083002e+00
2.146820002547555006e+00
2.160677685693270345e+00
2.174516002333915843e+00
2.188347017577891851e+00
2.202207302264826971e+00
2.216054061327628055e+00
2.229925683308954909e+00
2.243747530002837998e+00
2.257614058816589608e+00
2.271479354559860386e+00
2.285305532968610276e+00
2.299175344195133697e+00
2.313024722401082478e+00
2.326875711596194218e+00
2.340699366004376891e+00
2.354540952519592611e+00
2.368409860768073472e+00
2.382264087775904926e+00
2.396110138554516489e+00
2.409946719271069071e+00
2.423812165947331732e+00
2.437672520966734702e+00
2.451505703950903392e+00
2.465374978695607844e+00
2.479192998016240601e+00
2.493060165179711962e+00
2.506909004737366331e+00
2.520754412064559080e+00
2.534613580293092472e+00
2.548477746493319707e+00
2.562313479829030793e+00
2.576155861890638832e+00
2.589995553758766000e+00
2.603880287698808083e+00
2.617698943161379077e+00
2.631547063219194627e+00
2.645410536592814221e+00
2.659261858049630778e+00
2.673112315300600006e+00
2.686972131245809692e+00
2.700803923252930616e+00
2.714685873783725167e+00
2.728499248003107613e+00
2.742372135090816787e+00
2.756225842728670994e+00
