0.000000000000000000e+00
1.385306909834623824e-02
2.770580742529057949e-02
4.155765685011462984e-02
5.540880121530263047e-02
6.925990874225840255e-02
8.311153487266173534e-02
9.695208394228779780e-02
1.108050045283103524e-01
1.246579471892811514e-01
1.385102904676499269e-01
1.523619765246621849e-01
1.662132895425174339e-01
1.800642949003940230e-01
1.939034267487276531e-01
2.077543350976406578e-01
2.216053631793817591e-01
2.354564814581709964e-01
2.493076797529176214e-01
2.631589668375070579e-01
2.770102892065303690e-01
2.908613582366985639e-01
3.047121495291751359e-01
3.185628606613183922e-01
3.324135387448817203e-01
3.462642896658450486e-01
3.601151618641901808e-01
3.739662806845459597e-01
3.878177246375166254e-01
4.016575519730296029e-01
4.155089000663544363e-01
4.293598040792118153e-01
4.432104054488259504e-01
4.570608867248766027e-01
4.709114427530762259e-01
4.847623032070633720e-01
4.986135901053820874e-01
5.124652516427619098e-01
5.263170578927524046e-01
5.401686507563284723e-01
5.540199718823864972e-01
5.678710808189241233e-01
5.817103126441349747e-01
5.955613816040840058e-01
6.094125974082971187e-01
6.232640203559595138e-01
6.371156581040369193e-01
6.509674713967961157e-01
6.648193810461870967e-01
6.786713145488133536e-01
6.925231269775233844e-01
7.063629811816370951e-01
7.202145246980322657e-01
7.340660787141676247e-01
7.479177628834389191e-01
7.617696592465413863e-01
7.756218013400952849e-01
7.894741356680584632e-01
8.033146631330466692e-01
8.171668239695953906e-01
8.310187795831739388e-01
8.448706298242517621e-01
8.587225206185962190e-01
8.725745797944922666e-01
8.864268617344038814e-01
9.002675139280794658e-01
9.141200054334500669e-01
9.279724353971645634e-01
9.418247673490558469e-01
9.556770128700968758e-01
9.695174323746484912e-01
9.833696707761280242e-01
9.972219783854703312e-01
1.011074385595582825e+00
1.024926873961764073e+00
1.038779417837577546e+00
1.052620164286000914e+00
1.066472686172476037e+00
1.080325160421937047e+00
1.094177601313612858e+00
1.108030022006232240e+00
1.121870640370713490e+00
1.135723094566995384e+00
1.149575642609743209e+00
1.163428310653414677e+00
1.177281050033648802e+00
1.191121964221805385e+00
1.204974610964277382e+00
1.218827172030604533e+00
1.232679669860340166e+00
1.246532139598154787e+00
1.260372857735762020e+00
1.274225491420533762e+00
1.288078254691203073e+00
1.301931090683587922e+00
1.315783918424721088e+00
1.329624897511834547e+00
1.343477613569366014e+00
1.357330272579953423e+00
1.371182901504138352e+00
1.385035542903714001e+00
1.398876440569799540e+00
1.412729213034666920e+00
1.426582027639133887e+00
1.440434842372756430e+00
1.454275837234092039e+00
1.468128601398837718e+00
1.481981325476643852e+00
1.495834021260841862e+00
1.509686709399354676e+00
1.523527620573145391e+00
1.537380381997643042e+00
1.551233191649347809e+00
1.565086021859982246e+00
1.578938854143060455e+00
1.592779870487121885e+00
1.606632650836007814e+00
1.620485386601295597e+00
1.634338092880397664e+00
1.648179008471076790e+00
1.662031774639785464e+00
1.675884591279430458e+00
1.689737428620841531e+00
1.703590271522086530e+00
1.717431290751299633e+00
1.731284070573629652e+00
1.745136812651767899e+00
1.758989540906724880e+00
1.772842279973607438e+00
1.786683246199494146e+00
1.800536043886121762e+00
1.814388866717439264e+00
1.828241705468206524e+00
1.842082737572316553e+00
1.855935562419709139e+00
1.869788375900235389e+00
1.883641176275246076e+00
1.897493970356611381e+00
1.911334976990428425e+00
1.925187808835332026e+00
1.939040662362361944e+00
1.952893530901634200e+00
1.966734607649839095e+00
1.980587486851818069e+00
1.994440353096218477e+00
2.008293202494757512e+00
2.022146047710525085e+00
2.035987094136904929e+00
2.049839970288924729e+00
2.063692889267082275e+00
2.077545840982669478e+00
2.091387006148832661e+00
2.105239971220853157e+00
2.119092925053501109e+00
2.132945859006459610e+00
2.146798785049712777e+00
2.160639912320287070e+00
2.174492857149730618e+00
2.188345828892636291e+00
2.202198822577486670e+00
2.216040029632202035e+00
2.229893038168904162e+00
2.243746043419085012e+00
2.257599046689849231e+00
2.271440249643837284e+00
2.285293254727289280e+00
2.299146265376554421e+00
2.312999300003407033e+00
2.326840557224588490e+00
2.340693631508207417e+00
2.354546711150284022e+00
2.368399790387657688e+00
2.382241065178860584e+00
2.396094129653458804e+00
2.409947186540106312e+00
2.423800243263518617e+00
2.437653307043220696e+00
2.451494584505506058e+00
2.465347674728304295e+00
2.479200773972328076e+00
2.493053878543490587e+00
2.506895186235959638e+00
2.520748287570763857e+00
2.534601386489877761e+00
2.548454486174798639e+00
2.562295791940008893e+00
2.576148914961937653e+00
2.590002052389369869e+00
2.603855197511119712e+00
2.617696545089651661e+00
2.631549690541491682e+00
2.645402833493249783e+00
2.659255972132574808e+00
2.673097311587432134e+00
2.686950453376448333e+00
2.700803603726740221e+00
2.714656762690052627e+00
2.728498129223308588e+00
2.742351301873093394e+00
2.756204478022600046e+00
