0.000000000000000000e+00 0.000000000000000000e+00 0.000000000000000000e+00
5.991915413279707468e-05 4.595095956436868890e-07 1.029376372452080428e-06
7.104741803976846390e-05 1.259806262169147446e-06 2.610551991529760302e-06
8.369816682484034322e-05 2.456087863522983760e-06 4.727405975263376440e-06
1.087580680153252423e-04 5.299801378877804151e-06 1.008889817358725485e-05
1.385663101488165017e-04 8.708681046482369390e-06 1.721997766426795184e-05
1.656884276572308256e-04 1.470902513428183838e-05 3.010532022784468941e-05
1.872537106685719414e-04 2.371695875520666978e-05 4.963666529211500185e-05
2.103390101801164136e-04 3.439057234940827944e-05 6.570881627215330604e-05
2.185257391455219008e-04 4.851400429855518790e-05 8.940529398520686731e-05
2.210966283860377830e-04 7.086608851012461284e-05 1.177922033661372438e-04
2.352194103316563472e-04 1.042938264986734549e-04 1.320436893940575833e-04
2.791887977006318787e-04 1.310194977321438173e-04 1.599516140712213628e-04
3.276404405921188603e-04 1.425217234949455126e-04 1.820381639104295078e-04
3.474817148380721608e-04 1.489515821626630513e-04 2.046502528618043717e-04
4.104772095549025853e-04 1.660998203487503658e-04 2.303131420398019059e-04
4.395661179315914799e-04 2.067522568415382602e-04 2.471714883604241714e-04
4.676648973835161971e-04 2.455969636041475902e-04 2.932001811370451671e-04
4.985266797429150623e-04 2.777549018023555663e-04 3.407648015301304812e-04
5.257537828291543704e-04 3.201573991218544944e-04 4.041164336200590130e-04
5.675026170158314421e-04 3.695442340585268167e-04 4.770502537204252794e-04
6.055506475206782991e-04 4.129473694982084943e-04 5.434864349939870455e-04
6.378410663327776977e-04 4.397807414883889935e-04 5.863048298211236565e-04
7.059659310075076539e-04 4.799008520804912440e-04 6.205618274692085469e-04
8.013281063903294034e-04 5.392007415215307976e-04 6.471836524326306673e-04
9.008744035803905367e-04 5.634181291596548598e-04 6.734951801840292386e-04
9.744882736614226496e-04 5.788986307234704129e-04 6.837967974581639265e-04
1.041250984376619788e-03 5.718253293690583753e-04 6.915682616683260482e-04
1.074462414137947446e-03 5.999737733154927605e-04 6.923286884708900824e-04
1.097093099337387214e-03 6.171868623039328304e-04 6.869119430645210167e-04
1.120039140419222664e-03 6.051293322105344040e-04 6.882706897932476357e-04
1.140969015901208659e-03 5.750047687912541268e-04 7.021947463158604089e-04
1.158687203798788867e-03 5.406302275228211732e-04 7.049419248179094807e-04
1.176023376824017518e-03 5.114062712614069481e-04 6.938368345032850260e-04
1.223153444954412118e-03 4.650420090032868691e-04 6.642862748899005989e-04
1.297752622822215133e-03 4.117109709372731544e-04 6.182597673202916335e-04
1.378856934901931831e-03 3.717620462835133539e-04 5.659293925441230295e-04
1.429372365746290176e-03 3.555419913165400484e-04 5.216372747103364352e-04
1.473801507176925084e-03 3.627229919523680657e-04 4.958293782868463317e-04
1.506601453858163065e-03 3.767158750237061221e-04 4.851696557089735305e-04
1.522611466670509197e-03 3.888437491821637791e-04 4.829714653780360287e-04
1.537540218687676258e-03 4.054456989007630468e-04 4.814190838959601319e-04
1.556092388516481162e-03 4.175102640751482018e-04 4.902959420041642013e-04
1.568523033048848433e-03 4.184727369549263651e-04 5.054384745082767276e-04
1.571406898579989948e-03 4.161816333918841944e-04 5.137507556767067487e-04
1.572129141967909234e-03 4.128101548450026511e-04 5.200782738803414644e-04
1.575377500185095583e-03 4.042096424973971825e-04 5.277439225805066790e-04
1.569522135742705332e-03 3.984309915465820561e-04 5.381595437781952918e-04
1.557707403134805024e-03 3.978977405973175511e-04 5.508285497720972644e-04
1.549495670359644440e-03 3.955017751059607860e-04 5.633290124694349896e-04
1.543758157451766578e-03 3.957910517058669023e-04 5.715614586270563067e-04
1.526896292169316110e-03 4.010895582023978599e-04 5.773510766388399501e-04
1.507825257525913318e-03 4.064118388635334553e-04 5.841126390301631163e-04
1.501462843346654729e-03 4.040275829874350735e-04 5.885470151626959971e-04
1.503873075569373214e-03 3.940503189869085663e-04 5.883118166838879415e-04
1.504078525320204926e-03 3.783713496081224674e-04 5.859366150404845880e-04
1.495987874924524594e-03 3.738109464156824505e-04 5.901692130722091621e-04
1.483529161382359657e-03 3.877066084592642871e-04 5.964626764764901362e-04
1.479421596049199658e-03 3.948938311829861556e-04 5.937604356507358979e-04
1.481485708288542017e-03 3.892845091535780178e-04 5.812799064796428427e-04
1.485736195667907312e-03 3.777856982421989797e-04 5.668478528463732641e-04
1.483798045180570804e-03 3.705269796578228910e-04 5.533141385712784296e-04
1.478769516875727335e-03 3.732027083843526914e-04 5.397428074265691374e-04
1.475850167790402137e-03 3.726359112276914055e-04 5.256586659930828674e-04
1.475118081729145892e-03 3.700523669390870258e-04 5.125385089915064857e-04
1.475775744653304213e-03 3.742339330761289143e-04 5.014328027308505471e-04
1.476068931108703028e-03 3.737087369959664188e-04 4.936887796857124169e-04
1.474304241037715244e-03 3.721206723724674714e-04 4.906316702806088476e-04
1.470020015518107683e-03 3.743195249187967620e-04 4.881463874444107675e-04
1.464618865762456947e-03 3.793324988940036026e-04 4.824852688914115775e-04
1.462645074377461702e-03 3.809919483160008791e-04 4.769021797793040422e-04
1.463030687454163620e-03 3.785675353341192741e-04 4.733603164870714484e-04
1.462401751107495320e-03 3.824273240038843940e-04 4.708699444268530277e-04
1.461264738579108559e-03 3.893393109050696408e-04 4.675395486187777371e-04
1.460127840776303480e-03 3.958974247904635275e-04 4.636851913623496078e-04
1.460946447004880236e-03 3.975894319559482282e-04 4.609566965337779710e-04
1.462518584137543782e-03 3.941426628846624665e-04 4.582402731829040904e-04
1.464441162856919276e-03 3.920501354773677297e-04 4.571894048088406804e-04
1.467551865725791717e-03 3.912890570177838460e-04 4.568743526629271442e-04
1.471157720320398011e-03 3.902862159621456242e-04 4.535692941966255778e-04
1.474809086257841467e-03 3.860146461798469970e-04 4.491567251471963933e-04
1.474346826719913741e-03 3.794175658923477413e-04 4.435303791529088616e-04
1.472001008581484173e-03 3.733936053200360332e-04 4.403887600130121046e-04
1.469913109751641144e-03 3.753302036943531594e-04 4.415657613176493762e-04
1.467697986399275857e-03 3.787184440107466284e-04 4.452100375909532194e-04
1.468937894274857528e-03 3.821036343266452574e-04 4.485565666179487068e-04
1.470777564757509356e-03 3.963815412883505253e-04 4.494007170263429498e-04
1.470418020222212822e-03 4.249955803802620306e-04 4.515892706355578712e-04
1.471084547850215387e-03 4.473426155794172341e-04 4.563051762852631367e-04
1.467434435647349891e-03 4.821272178517757362e-04 4.592133470925485869e-04
1.463263092473042698e-03 5.241269901805222951e-04 4.671964104729679703e-04
1.468783859347780850e-03 5.498688556423275134e-04 4.791213860853335126e-04
1.488698237017195255e-03 5.584686816306996988e-04 4.854395216389845017e-04
1.503798426925260969e-03 5.596230361625159936e-04 4.828999037603782878e-04
1.506109202885813885e-03 5.484254130019622277e-04 4.839564652188116205e-04
1.518926996092554230e-03 5.389759843775336103e-04 4.769870044038052883e-04
1.529267334293226517e-03 5.244563941007524335e-04 4.615898713339879143e-04
1.522931388828177492e-03 5.153585917055368299e-04 4.567053898060543095e-04
1.525014312730005621e-03 5.206767584940950877e-04 4.597108789284161065e-04
1.528818573747661291e-03 5.247738332870163997e-04 4.680369525008681799e-04
1.534320754224127639e-03 5.156312791622089846e-04 4.840998535914185644e-04
1.540798988269860819e-03 5.005925255052270147e-04 5.017709901770335892e-04
1.543221709790701694e-03 4.791065836617352386e-04 5.033294718418226173e-04
1.545553954756779137e-03 4.652289299561143242e-04 4.884402688382670022e-04
1.552272247896128912e-03 4.535318128937316216e-04 4.705672995883429803e-04
1.561821320504296626e-03 4.377124696744815846e-04 4.448366026127523361e-04
1.570065031004006049e-03 4.288958429834168959e-04 4.218523517405799801e-04
1.579269974810539913e-03 4.270229202761189192e-04 4.056272790277013190e-04
1.589170570562100379e-03 4.305055951587727684e-04 3.903865232388133871e-04
1.599066487608096377e-03 4.374096856310353849e-04 3.780070729866887155e-04
1.609966166114386570e-03 4.465725526958005368e-04 3.720083899930447550e-04
1.619658533984345405e-03 4.542098703121599736e-04 3.724232264020381575e-04
1.628346639114206570e-03 4.547679683722281809e-04 3.774108649721339098e-04
1.634388965526300261e-03 4.510062638763865056e-04 3.841229827621465975e-04
1.638216376264687657e-03 4.478957617494876728e-04 3.931770436401159688e-04
1.638770977235021100e-03 4.414726206747842372e-04 4.025448256891230991e-04
1.634953711345489428e-03 4.322705998153649181e-04 4.058178861455975415e-04
1.630462805174166764e-03 4.309871710727366774e-04 4.052724601932306686e-04
1.624926704742721923e-03 4.377790368211882535e-04 4.027805264845763021e-04
1.619093782916541761e-03 4.465364648488002216e-04 3.956139250350173436e-04
1.612972205178995816e-03 4.567203563270468935e-04 3.848205298622892089e-04
1.608978911011820943e-03 4.680677485310805056e-04 3.750397972779368925e-04
1.605045216534286851e-03 4.794205974717455137e-04 3.682787318804695725e-04
1.603127622821781326e-03 4.885839552133318343e-04 3.614073240731157321e-04
1.605442586232019853e-03 4.915086861281073305e-04 3.563078343696250293e-04
1.610040890777161534e-03 4.819681536620805547e-04 3.511281189997398342e-04
1.615514018625232402e-03 4.664120617751296412e-04 3.461866124425237333e-04
1.624303843698665954e-03 4.499965338295759546e-04 3.421348180069996620e-04
1.630590544780981081e-03 4.311188647460881328e-04 3.396490910230211789e-04
1.637667289504475716e-03 4.116080452301595092e-04 3.406601793397177262e-04
1.645840290441677196e-03 3.972386563263875596e-04 3.443435079385911372e-04
1.652522293062467758e-03 3.865948412369629348e-04 3.480669948023065686e-04
1.656961816011974335e-03 3.828515503363112151e-04 3.505643881144138033e-04
1.658521712096702391e-03 3.884640231402040943e-04 3.510812503556271749e-04
1.657503409505447839e-03 4.004572175287177539e-04 3.490385653096248235e-04
1.655417636048645566e-03 4.073168242821505257e-04 3.471370538208992554e-04
1.650723659041891797e-03 4.077966353137706503e-04 3.424908076225519874e-04
1.646237007368960958e-03 4.140436891400964487e-04 3.376178040782978852e-04
1.640382440287784221e-03 4.211718875254012316e-04 3.355083963609691521e-04
1.636102153839585124e-03 4.164570506709950833e-04 3.328291974323792368e-04
1.636678379234244836e-03 4.038114723392982218e-04 3.280389485564942620e-04
1.639871417256831077e-03 3.978625757519678235e-04 3.247125268917701812e-04
1.641595147777514000e-03 3.868799910298141684e-04 3.208488574275282176e-04
1.643517838002262138e-03 3.668087281362756007e-04 3.145733172882870187e-04
1.648678086910167640e-03 3.545342230474537613e-04 3.100475659375385670e-04
1.654684787459397835e-03 3.468585086822427227e-04 3.044152396703120713e-04
1.659721037299048468e-03 3.402077440083374460e-04 3.000081499639638185e-04
1.663681162107627422e-03 3.361378519135895557e-04 2.969144081069577433e-04
1.666818046200483358e-03 3.329758126248216570e-04 2.942100793119967932e-04
1.668787827664823531e-03 3.287484147640303759e-04 2.910872151592729259e-04
1.670764907495184831e-03 3.224560645973513300e-04 2.888175595714840074e-04
1.671525400107081024e-03 3.196820846896237015e-04 2.884061686771999776e-04
1.669740716685573370e-03 3.173696639261142983e-04 2.884625822183841445e-04
1.669217148753211321e-03 3.116439062981611499e-04 2.888892628101128834e-04
1.670925439050407330e-03 3.093834319781258932e-04 2.882584214931415540e-04
1.672353448337301433e-03 3.090287618765330904e-04 2.873547928703874821e-04
1.673547951963693260e-03 3.054378187590752781e-04 2.862557880389138710e-04
1.674417942157773983e-03 3.014737309352377020e-04 2.847894429304628425e-04
1.675196597109423645e-03 2.997450164846961738e-04 2.837954585834459456e-04
1.675360099408329962e-03 2.975896134717139797e-04 2.825624822852053526e-04
1.674460045772446174e-03 2.971986085150842244e-04 2.822471616925510142e-04
1.673696636989224296e-03 2.988625577854808887e-04 2.814992182990952679e-04
1.672257609571273359e-03 2.994586376547426522e-04 2.813605469805206946e-04
1.669879808604079509e-03 3.050792740879289320e-04 2.831186365749073790e-04
1.667993132914841019e-03 3.111771696277960682e-04 2.843614560206830853e-04
1.666070036953111108e-03 3.116994821930991143e-04 2.857872531699230884e-04
1.664370213380387230e-03 3.129782114975367124e-04 2.868759664248575871e-04
1.662281156158254558e-03 3.128684375993740006e-04 2.868021041501072764e-04
1.660810412460131781e-03 3.110933193146547121e-04 2.876409973637596455e-04
1.660297726778468819e-03 3.149055548385453146e-04 2.895969698871117960e-04
1.662046346921292181e-03 3.194174403067059800e-04 2.930467858369749596e-04
1.665065066447192444e-03 3.217222259597153286e-04 2.993648578289049038e-04
1.670033836466495265e-03 3.348295958535130439e-04 3.068270440961627784e-04
1.677382081700541346e-03 3.417966755203034912e-04 3.135800811556079936e-04
1.681894541087732313e-03 3.438983167576835386e-04 3.213796589975556899e-04
1.687239333319603572e-03 3.544778305043746504e-04 3.272480829476839131e-04
1.687404282759965820e-03 3.512687859725728448e-04 3.278387629559486368e-04
1.686495520030109781e-03 3.587907091339308826e-04 3.263602429277315188e-04
1.687299008485761967e-03 3.705059219762248893e-04 3.249864229937686824e-04
1.689403650692182122e-03 3.830546817828412516e-04 3.259176978400933860e-04
1.689529417156986416e-03 3.889195109515238154e-04 3.298599864956275373e-04
1.689504056001642218e-03 3.950318095031946802e-04 3.348020983761181078e-04
1.689642334271854651e-03 3.883255946314262581e-04 3.367952182121333976e-04
1.694722623308446809e-03 3.806624934363062279e-04 3.389943935548622700e-04
1.700950896145646740e-03 3.942392384683201276e-04 3.388287289178887243e-04
1.703448917260872060e-03 4.206029147778988391e-04 3.448922177564156186e-04
1.708688048177939159e-03 4.319531235881637942e-04 3.503014956825967674e-04
1.715764462889077377e-03 4.257193224944619291e-04 3.525772046823202150e-04
1.721879047532217039e-03 4.405564985804692160e-04 3.509450097320981248e-04
1.730677809300004092e-03 4.504811615319818268e-04 3.485881757756914643e-04
1.738890770822803470e-03 4.351845674115628572e-04 3.477555423052873670e-04
1.743972885314395461e-03 4.116542421493700130e-04 3.406728393150696820e-04
1.752040900975940620e-03 3.879947183062247887e-04 3.352707913587767738e-04
1.762012953371866562e-03 3.695142103339734774e-04 3.254851089030208564e-04
1.772133222334425565e-03 3.542435811934848485e-04 3.144615843970737933e-04
1.778117950254688587e-03 3.443421257329835178e-04 3.026473063813655000e-04
1.782577311997160562e-03 3.428747739746950004e-04 2.960307386536425609e-04
1.788156091947095067e-03 3.406090624313311190e-04 2.924770426330880035e-04
1.793663083836278442e-03 3.262031662662697481e-04 2.867021365774223389e-04
1.800682874708358326e-03 3.179149035099258715e-04 2.774167487582268631e-04
