2.546779711720887462e+02
1.432706927100240968e+01
0.000000000000000000e+00
3.009940138185938974e+00
7.742399191429806038e+00
3.164593691811316489e+01
1.591384399112209280e+02
1.474419134955346067e+02
2.026194642425986387e+02
3.209796887831885783e+02
4.639586570622937529e+02
7.250301559172619363e+02
9.982829444483982115e+02
1.441015675413789040e+03
1.871880051253961483e+03
nan
nan
nan
nan
nan
4.886939660868352803e+03
5.260947257124525095e+03
nan
nan
nan
nan
nan
nan
3.823147831180851426e+03
3.896603130470073665e+03
4.272920174213441896e+03
4.413347968661982122e+03
4.257767607602475437e+03
4.534450690644064707e+03
nan
5.136823493468888046e+03
5.100791845002204354e+03
5.405429480900632370e+03
6.065187354195561966e+03
6.164496161448099883e+03
nan
nan
5.961382294372006072e+03
5.953146544078706938e+03
6.067136468772665467e+03
6.021412792199593241e+03
6.067429287180257234e+03
6.020497587929433394e+03
6.099793451545176140e+03
6.166826520451721990e+03
6.420179549006828893e+03
6.704648385403352222e+03
6.941014792221848438e+03
7.084812729180382121e+03
6.933731353726579982e+03
6.965920475128411454e+03
7.063171589789160862e+03
7.278547167028943477e+03
7.380572033822567391e+03
7.443991712995299167e+03
7.486672019582608300e+03
7.470593264654610721e+03
7.538705329036679359e+03
7.773771941040371530e+03
7.907054984111690828e+03
7.972783669040723908e+03
8.020747858405927218e+03
8.021187075102428935e+03
8.109118772099407579e+03
8.128122153214403625e+03
8.219496390727035759e+03
8.326162167351771132e+03
8.358341424947386258e+03
8.400235163505263699e+03
8.464414830071980759e+03
8.434031180733079964e+03
8.480459092293502181e+03
8.582852182249176622e+03
8.675572300090327190e+03
8.651664812909702960e+03
8.722711421870308186e+03
8.792463300258283198e+03
8.763015237854389852e+03
8.865116680347333386e+03
8.862847611061823045e+03
9.091647949882824832e+03
9.061497323594372574e+03
9.169411816888592512e+03
9.293774537854231312e+03
9.274411992877094235e+03
9.217529297119577677e+03
9.323431858165195081e+03
9.451901784234547449e+03
9.385001738804603519e+03
9.466883222856526118e+03
9.568547162335153189e+03
9.607578921195568910e+03
9.624451875874079633e+03
9.701907376709617893e+03
9.721148200388797704e+03
9.831302628525389082e+03
9.912925317873727181e+03
9.963935848502111185e+03
1.003505093770994608e+04
1.013788817247935185e+04
1.018609977553460703e+04
1.030380299363252198e+04
1.037890699010677599e+04
1.052245607106062744e+04
1.050244172632853952e+04
1.061418021719970784e+04
1.081535683768836680e+04
1.083955581754982813e+04
1.090223308625899153e+04
1.109884426791892292e+04
1.113004389747332607e+04
1.122825551262447152e+04
1.138158438730137095e+04
1.154748022657316142e+04
1.162735684615808168e+04
1.177662197278181156e+04
1.188604240356300215e+04
1.204420459025989658e+04
1.210438296240493219e+04
1.220965777481912119e+04
1.232359903355514143e+04
1.250889426715310583e+04
1.255387245397873085e+04
1.266043758138176599e+04
1.276548269712530600e+04
1.290652371513672915e+04
1.298756074215756053e+04
1.306506967829599489e+04
1.320387808642982600e+04
1.326811269726154023e+04
1.337326117462624643e+04
1.347807857977941057e+04
1.358065551756054083e+04
1.361594707433244002e+04
1.369071023444791899e+04
1.377279823004595164e+04
1.385987125075146287e+04
1.387762508327333308e+04
1.398443353031994047e+04
1.409631110009640906e+04
1.420806985038309540e+04
1.427919951237613168e+04
1.434309361959291527e+04
1.447041880840978956e+04
1.455115820005417845e+04
1.463719817352460814e+04
1.471828464820160661e+04
1.478573661123471538e+04
1.478134971763921385e+04
1.490264849580119881e+04
1.495851923673420970e+04
1.500009476543534402e+04
1.503841035541306337e+04
1.510196875071297291e+04
1.519338217877004899e+04
1.532118730946796859e+04
1.536567947239108071e+04
1.536588162143820955e+04
1.544859765900075581e+04
1.556441465986547882e+04
1.567590762146824272e+04
1.572776024070201129e+04
1.572272461083434609e+04
1.577916881770183863e+04
1.583786263984198376e+04
1.590206235947443383e+04
1.598165416390804239e+04
1.600791692095673534e+04
1.605347845746168969e+04
1.611489681174786347e+04
1.621029258850051519e+04
1.628986010935829472e+04
1.631008312109378858e+04
1.637855219598043186e+04
1.644551081180999245e+04
1.650141364494828667e+04
1.657420572206730139e+04
1.666386708206100957e+04
1.671424359144641494e+04
1.677071869717089794e+04
1.685789793435833053e+04
1.693071465101479771e+04
1.702042318979734773e+04
1.708348090051278996e+04
1.711947201082655374e+04
1.720995586648838434e+04
1.728465062790109369e+04
1.737334760392308453e+04
1.742382788857298874e+04
1.749717803776185247e+04
1.756127414164675793e+04
1.759010712670771318e+04
1.765453247930758153e+04
1.770029996808748547e+04
1.777450668560468330e+04
