-1.421944769925249275e+05
-1.428755640752221225e+05
-1.430217891325269593e+05
-1.428631919883132214e+05
-1.427825451996169577e+05
-1.427108433969208854e+05
-1.426651947409033601e+05
-1.426970607854111586e+05
-1.427369751544015598e+05
-1.426775812489489035e+05
-1.426787196109045180e+05
-1.423924438369845157e+05
-1.423829179320306866e+05
-1.426827902792548412e+05
-1.426978185859553632e+05
-1.430670396269090706e+05
-1.434248796200308134e+05
-1.438813946715153579e+05
-1.439310459396598162e+05
-1.438845437653410190e+05
-1.437366518165420275e+05
-1.435719350472093793e+05
-1.432761174410652893e+05
-1.427908913192868640e+05
-1.423717761500659399e+05
-1.419668514955786522e+05
-1.411912927905292017e+05
-1.404407159568520437e+05
-1.399634355735142017e+05
-1.395815228393218422e+05
-1.393818110297946550e+05
-1.391909075081118208e+05
-1.388708608891585318e+05
-1.385997438709878770e+05
-1.385790223068332707e+05
-1.388693532346904103e+05
-1.392028563870618818e+05
-1.394613146707922861e+05
-1.395053461130853393e+05
-1.394367644071161340e+05
-1.393461630780688429e+05
-1.391633356755230052e+05
-1.387082510498171323e+05
-1.382728517874426907e+05
-1.379216421123255277e+05
-1.377776121945359337e+05
-1.379210413815068314e+05
-1.382811481004493544e+05
-1.387386518107001029e+05
-1.392934349376870668e+05
-1.399991936745572893e+05
-1.408997813200165401e+05
-1.418313586764303618e+05
-1.427333675014047767e+05
-1.436988171603255323e+05
-1.446776057740983088e+05
-1.456120189773081802e+05
-1.464626837948479224e+05
-1.472423493049515819e+05
-1.480409873765157827e+05
-1.488129361772605334e+05
-1.495560574897794286e+05
-1.500845623697747942e+05
-1.503500929292841756e+05
-1.506351998715773225e+05
-1.509636478119734093e+05
-1.513296558251849201e+05
-1.518039055195087276e+05
-1.523522748031871160e+05
-1.528629599858357396e+05
-1.532924445669095439e+05
-1.536431877154457325e+05
-1.539031240777946077e+05
-1.540359662751837459e+05
-1.541349241462866485e+05
-1.542736851272258500e+05
-1.544575363358206523e+05
-1.546207355099000270e+05
-1.547620320954376948e+05
-1.548562637572015228e+05
-1.549157305949877773e+05
-1.549402442189190479e+05
-1.549059383319552289e+05
-1.548521549334139563e+05
-1.548499587818551518e+05
-1.548778438961757056e+05
-1.549111667091230629e+05
-1.549252598306982545e+05
-1.548549254713227565e+05
-1.547127564540446037e+05
-1.545316834530013730e+05
-1.543326752868510957e+05
-1.540794818737784808e+05
-1.537966223237839295e+05
-1.535872530151537503e+05
-1.533212469737901411e+05
-1.530906352668259351e+05
-1.530106782569406787e+05
-1.529608045248122362e+05
-1.529130074335729005e+05
-1.528585734861608362e+05
-1.527952668646964303e+05
-1.527796915697420773e+05
-1.527221289448800671e+05
-1.526476043907647836e+05
-1.526088642182406038e+05
-1.525997168170526566e+05
-1.526270391912378836e+05
-1.527116751868537394e+05
-1.527971535966580268e+05
-1.529024547738358378e+05
-1.530547066508608405e+05
-1.532436575290696637e+05
-1.534604754573617247e+05
-1.536468355861796299e+05
-1.538243694205544598e+05
-1.540203704793014040e+05
-1.542286457447615976e+05
-1.544749321911763400e+05
-1.547286782115990063e+05
-1.550182574780170689e+05
-1.553310711110389384e+05
-1.556320757603830134e+05
-1.559399815479785611e+05
-1.562714208917522046e+05
-1.565874493246817729e+05
-1.569132345673335658e+05
-1.572560249966815463e+05
-1.576064140881284256e+05
-1.579703592351555708e+05
-1.583607077937300201e+05
-1.588185951259346621e+05
-1.593065478016166599e+05
-1.597577295399829745e+05
-1.601280335834450379e+05
-1.603877018151617958e+05
-1.605995083941750345e+05
-1.607475773171015317e+05
-1.608399716105168336e+05
-1.609002063101352542e+05
-1.609199146499522903e+05
-1.608797533958837739e+05
-1.608507414161107154e+05
-1.608383403722344956e+05
-1.608601349504018726e+05
-1.609006637456758472e+05
-1.609824237307493167e+05
-1.610955308222230524e+05
-1.612081410378249420e+05
-1.613102262227092870e+05
-1.614691248131058237e+05
-1.616535618581968592e+05
-1.618074698134725040e+05
-1.619404692441362422e+05
-1.620668751040344650e+05
-1.621572901461151196e+05
-1.621996952495395963e+05
-1.622433237849694851e+05
-1.622770329884050880e+05
-1.622812021061244595e+05
-1.622593703669972310e+05
-1.622251303683377628e+05
-1.622261238098138128e+05
-1.622562423788694141e+05
-1.623039682708180917e+05
-1.623685510808043182e+05
-1.624426037812368886e+05
-1.625451836641056580e+05
-1.626500240427366516e+05
-1.627737751604190271e+05
-1.628864806453612982e+05
-1.630029356573346595e+05
-1.631066141476795019e+05
-1.631991794471646135e+05
-1.632778857404095470e+05
-1.633158463508997520e+05
-1.633676130335745693e+05
-1.633849676778558351e+05
-1.633987860848942655e+05
-1.633931920313377050e+05
-1.633974758396486286e+05
-1.633953098676746595e+05
-1.634124591304877249e+05
-1.634382302877352631e+05
-1.634907074105050997e+05
-1.635238480274128960e+05
-1.635170165292565071e+05
-1.635220707879757974e+05
-1.634724074339313083e+05
-1.634583737992755778e+05
-1.635319036715008551e+05
-1.635909537459835992e+05
-1.636199919264741184e+05
-1.636722794294212363e+05
-1.637293900923420151e+05
-1.637530227444179181e+05
-1.637998777904861781e+05
-1.638684709585745004e+05
-1.639557834920281603e+05
-1.640255589465010271e+05
