-9.283840990108696222e+08
-9.284248106862925291e+08
-9.284219177027493715e+08
-9.284189184477403164e+08
-9.284756536237010956e+08
-9.285033165146105289e+08
-9.285030256946991682e+08
-9.285011222156696320e+08
-9.285031812907880545e+08
-9.285058449278469086e+08
-9.285093591932516098e+08
-9.285161647644659281e+08
-9.285154947882851362e+08
-9.285145289190132618e+08
-9.285136412129790783e+08
-9.285128803794862032e+08
-9.285121051180377007e+08
-9.285113463678889275e+08
-9.285107208432201147e+08
-9.285101019741125107e+08
-9.285093632114238739e+08
-9.285085762476297617e+08
-9.285078135648959875e+08
-9.285070864082192183e+08
-9.285063702426288128e+08
-9.285057468367120028e+08
-9.285052852239747047e+08
-9.285049474673942327e+08
-9.285045661357784271e+08
-9.285041167735356092e+08
-9.285036845218935013e+08
-9.285031880988996029e+08
-9.285026131007170677e+08
-9.285020296528683901e+08
-9.285014968066991568e+08
-9.285010318134377003e+08
-9.285005716196573973e+08
-9.285001270383734703e+08
-9.284997474479970932e+08
-9.284994654479534626e+08
-9.284991484249836206e+08
-9.284988266032613516e+08
-9.284985440488829613e+08
-9.284982479920846224e+08
-9.284978981237012148e+08
-9.284975363907018900e+08
-9.284972064443452358e+08
-9.284968999196158648e+08
-9.284965742698190212e+08
-9.284962691306029558e+08
-9.284960167408622503e+08
-9.284957823950408697e+08
-9.284955019007852077e+08
-9.284952092987227440e+08
-9.284949381551686525e+08
-9.284946721483724117e+08
-9.284943778606420755e+08
-9.284940916729847193e+08
-9.284938593265597820e+08
-9.284936651359134912e+08
-9.284934706713852882e+08
-9.284932792087800503e+08
-9.284931204352852106e+08
-9.284929520419799089e+08
-9.284927395631656647e+08
-9.284925206179094315e+08
-9.284923225625808239e+08
-9.284921332508190870e+08
-9.284919279015522003e+08
-9.284917270963233709e+08
-9.284915612450362444e+08
-9.284914255705499649e+08
-9.284912826993432045e+08
-9.284911418678289652e+08
-9.284910157888749838e+08
-9.284908887276326418e+08
-9.284907374899034500e+08
-9.284905839169332981e+08
-9.284904477386473417e+08
-9.284903204038425684e+08
-9.284901851958498955e+08
-9.284900556037448645e+08
-9.284899453527882099e+08
-9.284898452071040869e+08
-9.284897233064429760e+08
-9.284896006305378675e+08
-9.284894980939989090e+08
-9.284894002385108471e+08
-9.284892933834971189e+08
-9.284891906272854805e+08
-9.284891032842549086e+08
-9.284890276966614723e+08
-9.284889435147093534e+08
-9.284888536116282940e+08
-9.284887743683260679e+08
-9.284886964482532740e+08
-9.284886054495488405e+08
-9.284885163177386522e+08
-9.284884388272056580e+08
-9.284883635686929226e+08
-9.284882789863537550e+08
-9.284881906456822157e+08
-9.284881090937757492e+08
-9.284880364942698479e+08
-9.284879593371522427e+08
-9.284878852964019775e+08
-9.284878247778242826e+08
-9.284877589470658302e+08
-9.284876799193542004e+08
-9.284876004979598522e+08
-9.284875291591871977e+08
-9.284874583585100174e+08
-9.284873796794753075e+08
-9.284873013740909100e+08
-9.284872345494344234e+08
-9.284871752834833860e+08
-9.284871136844300032e+08
-9.284870544583678246e+08
-9.284870033903628588e+08
-9.284869559484261274e+08
-9.284868983395512104e+08
-9.284868374502600431e+08
-9.284867827291166782e+08
-9.284867288740051985e+08
-9.284866737883400917e+08
-9.284866239296264648e+08
-9.284865837571760416e+08
-9.284865464047629833e+08
-9.284865063285979033e+08
-9.284864651708071232e+08
-9.284864235785702467e+08
-9.284863798110698462e+08
-9.284863287341861725e+08
-9.284862759162700176e+08
-9.284862325509152412e+08
-9.284861943031803370e+08
-9.284861572543662786e+08
-9.284861233277975321e+08
-9.284860933210242987e+08
-9.284860637642773390e+08
-9.284860326403857470e+08
-9.284860019592328072e+08
-9.284859742937088013e+08
-9.284859472799735069e+08
-9.284859193843886852e+08
-9.284858923982719183e+08
-9.284858682172849178e+08
-9.284858463442369699e+08
-9.284858232995558977e+08
-9.284857979432737827e+08
-9.284857669841785431e+08
-9.284857361839509010e+08
-9.284857040535449982e+08
-9.284856743297311068e+08
-9.284856478202872276e+08
-9.284856219189189672e+08
-9.284855958075382710e+08
-9.284855688923596144e+08
-9.284855403323918581e+08
-9.284855114137395620e+08
-9.284854797738244534e+08
-9.284854472010610104e+08
-9.284854142993000746e+08
-9.284853777928917408e+08
-9.284853392142816782e+08
-9.284853008322817087e+08
-9.284852637901446819e+08
-9.284852292700958252e+08
-9.284851939393013716e+08
-9.284851576503235102e+08
-9.284851228191479445e+08
-9.284850912280164957e+08
-9.284850591879744530e+08
-9.284850280307117701e+08
-9.284850015265408754e+08
-9.284849768810534477e+08
-9.284849515850398540e+08
-9.284849249722195864e+08
-9.284848964066529274e+08
-9.284848658145478964e+08
-9.284848349164562225e+08
-9.284848072409141064e+08
-9.284847819821573496e+08
-9.284847564058150053e+08
-9.284847299122376442e+08
-9.284847035804924965e+08
-9.284846782414598465e+08
-9.284846547894494534e+08
-9.284846318381328583e+08
-9.284846091245831251e+08
-9.284845881138308048e+08
-9.284845669700131416e+08
-9.284845478206784725e+08
-9.284845314118338823e+08
-9.284845165624318123e+08
-9.284845026848268509e+08
-9.284844888936818838e+08
-9.284844736733540297e+08
-9.284844556315082312e+08
-9.284844399111816883e+08
