-5.401202673510113955e+08
-5.471460783668719530e+08
-5.479572013236682415e+08
-5.476048862706129551e+08
-5.478696985664082766e+08
-5.475144434251120090e+08
-5.604179086401714087e+08
-5.603451511376348734e+08
-5.604707076345018148e+08
-5.759987375551980734e+08
-5.757517962393971682e+08
-5.696384711631201506e+08
-5.777474355779173374e+08
-5.818334595938255787e+08
-5.876639448174165487e+08
-5.932983285155775547e+08
-6.091719703298690319e+08
-6.158665457155503035e+08
-6.080562787832648754e+08
-6.046845160100392103e+08
-6.178513497060351372e+08
-6.315135940292099714e+08
-6.247155041188834906e+08
-6.932556268938020468e+08
-6.335851602853451967e+08
-6.137240293410071135e+08
-6.125050747559359074e+08
-6.214228813679893017e+08
-6.352510790224326849e+08
-6.416699391484581232e+08
-6.389965228591827154e+08
-6.512335087735968828e+08
-6.431744282792587280e+08
-6.304837665575306416e+08
-6.679231249522912502e+08
-6.882835387098045349e+08
-6.789723242712992430e+08
-6.726822549336402416e+08
-6.905784957417023182e+08
-6.645482339134840965e+08
-6.560254807491672039e+08
-6.571736859662269354e+08
-6.619704514421780109e+08
-6.648373307038838863e+08
-6.589241041907263994e+08
-6.666828792809709311e+08
-6.667146674693228006e+08
-6.720214697268694639e+08
-6.695188863233724833e+08
-6.765161665535665751e+08
-6.786838904339079857e+08
-6.782022368006138802e+08
-6.862279160949320793e+08
-6.845799693641715050e+08
-6.902376883136940002e+08
-6.864752074590165615e+08
-6.924817380114519596e+08
-7.065081681642549038e+08
-7.055652596200994253e+08
-7.107630356702511311e+08
-7.371753699302473068e+08
-8.644064815621229410e+08
-7.476299818362545967e+08
-7.165834064082297087e+08
-7.532378036431005001e+08
-7.172703839574785233e+08
-7.190455742092379332e+08
-7.379945358045785427e+08
-7.251047859127577543e+08
-7.851769566855866909e+08
-7.555594577821339369e+08
-7.815086984204320908e+08
-7.455974095683536530e+08
-7.307991092301197052e+08
-7.404571900525653362e+08
-7.940186419311772585e+08
-7.453842466651579142e+08
-7.412467696685254574e+08
-7.600734357555755377e+08
-7.667286336977161169e+08
-7.718551685480943918e+08
-7.664513070427509546e+08
-7.546128637259868383e+08
-7.783076834288587570e+08
-7.619627822701865435e+08
-7.849020630390809774e+08
-8.055592716297440529e+08
-8.312295652323119640e+08
-8.143319157540416718e+08
-8.004439086296076775e+08
-8.592494406386367083e+08
-8.547286607613136768e+08
-8.160587393663265705e+08
-8.610649798871630430e+08
-8.509252644305206537e+08
-8.162541008513835669e+08
-8.463284067990318537e+08
-8.369499656935729980e+08
-8.404715886014178991e+08
-8.613238417896436453e+08
-8.480033528426195383e+08
-8.730059712758381367e+08
-8.368476084658447504e+08
-8.806178150552327633e+08
-8.712879536096620560e+08
-8.150007378859415054e+08
-8.045741903769228458e+08
-8.057616935479782820e+08
-8.174598997455877066e+08
-8.249780255965391397e+08
-8.535163033918163776e+08
-8.633097142516902685e+08
-8.785001530771459341e+08
-8.938488888117038012e+08
-8.815755326493204832e+08
-9.164219695473518372e+08
-8.503918896225543022e+08
-8.580825716931180954e+08
-8.462484717220492363e+08
-9.402722848871984482e+08
-1.140620847278052807e+09
-8.168782070555168390e+08
-8.389482164694104195e+08
-8.164707786014467478e+08
-1.046788451677237511e+09
-8.755051417622768879e+08
-8.247252866401853561e+08
-9.234342879970498085e+08
-8.332195555535527468e+08
-8.428677756660208702e+08
-8.826884065991427898e+08
-9.600636229307719469e+08
-8.465034591569218636e+08
-8.790767752749916315e+08
-9.369255870551241636e+08
-8.364109374593421221e+08
-8.398504891342494488e+08
-8.717761679113552570e+08
-8.653022835810188055e+08
-9.065257120604337454e+08
-8.253056336318901777e+08
-8.141138717393968105e+08
-8.745037504321918488e+08
-8.596939559583721161e+08
-8.384059544190002680e+08
-8.327539676688766479e+08
-8.542949005126779079e+08
-8.549047267088440657e+08
-8.385625168698865175e+08
-9.067381317285400629e+08
-8.953984896381787062e+08
-9.012059680232933760e+08
-8.834537275321204662e+08
-8.963038433118116856e+08
-8.732358052061252594e+08
-8.503423935227898359e+08
-8.695722059821527004e+08
-8.980570492402808666e+08
-8.538888320827697515e+08
-8.770921591356290579e+08
-8.721046035810991526e+08
-8.976697803702857494e+08
-8.816478257571104765e+08
-8.591603737238733768e+08
-9.203581492540040016e+08
-8.690353606328551769e+08
-8.779047117050026655e+08
-9.003783083537904024e+08
-9.234965423862780333e+08
-8.678930937345602512e+08
-8.910590435480024815e+08
-9.132097999913903475e+08
-1.022260309165965438e+09
-1.065239056620388985e+09
-1.162817016454752922e+09
-8.987222814881722927e+08
-9.772413639452580214e+08
-8.851664150238293409e+08
-9.909828880889586210e+08
-9.057568051276096106e+08
-9.792191609729652405e+08
-9.723551678024686575e+08
-9.433713548116427660e+08
-9.717286569146417379e+08
-1.064509812953597903e+09
-9.030725095578490496e+08
-9.728663277502616644e+08
-9.687924375683923960e+08
-9.893806453398394585e+08
-1.000595707070353150e+09
-1.092687856686681986e+09
-9.397654859489818811e+08
-9.840701732122099400e+08
-9.441026803270049095e+08
-1.086716529395572662e+09
-9.688852535800603628e+08
-1.072401926423081756e+09
-9.819956043879690170e+08
-1.039253519446998835e+09
-1.005140760526774764e+09
